{
 "cells": [
  {
   "cell_type": "markdown",
   "id": "789e7a21",
   "metadata": {},
   "source": [
    "### CSV Export\n",
    "This section exports the supernova fitting results to a CSV file for further analysis."
   ]
  },
  {
   "cell_type": "markdown",
   "id": "6a160a65",
   "metadata": {},
   "source": [
    "### Import libraries"
   ]
  },
  {
   "cell_type": "code",
   "execution_count": 72,
   "id": "34377da1",
   "metadata": {},
   "outputs": [],
   "source": [
    "from pylab import *\n",
    "import numpy as np\n",
    "from matplotlib import rc\n",
    "import os\n",
    "from scipy.interpolate import interp1d\n",
    "import pandas as pd  # For CSV export\n",
    "\n",
    "# Specific libraries\n",
    "import cosmolib as cs\n",
    "\n",
    "# Visuals\n",
    "rc('figure',figsize=(10,5))\n",
    "rc('font',size=12)\n",
    "rc('text',usetex=False)"
   ]
  },
  {
   "cell_type": "markdown",
   "id": "d28c9a8a",
   "metadata": {},
   "source": [
    "### IMINUIT"
   ]
  },
  {
   "cell_type": "code",
   "execution_count": 73,
   "id": "20ebf4e1",
   "metadata": {},
   "outputs": [
    {
     "name": "stdout",
     "output_type": "stream",
     "text": [
      "Fitting individual supernova lightcurves with intrinsic error σ_int = 0.100 mag...\n",
      "Fitting SN-0...\n",
      "Fitting with Minuit\n",
      "Chi2 = 14.632459423773001\n",
      "ndf = 17\n",
      "Fitted values:\n",
      "[-0.25579598  1.04047847 43.65417816]\n",
      "Errors:\n",
      "[0.62855847 0.07407099 0.13457316]\n",
      "Covariance:\n",
      "[[ 0.39508574 -0.03546377 -0.05530925]\n",
      " [-0.03546377  0.00548651  0.0097041 ]\n",
      " [-0.05530925  0.0097041   0.01810994]]\n",
      "SN-0: μ = 43.654 ± 0.135, s = 1.040 ± 0.074\n",
      "\n",
      "Fitting SN-1...\n",
      "Fitting with Minuit\n",
      "Chi2 = 16.445184821651246\n",
      "ndf = 17\n",
      "Fitted values:\n",
      "[ 3.14849734  0.93503083 41.93578563]\n",
      "Errors:\n",
      "[0.17706866 0.02447491 0.06846063]\n",
      "Covariance:\n",
      "[[0.03135331 0.00129705 0.00361865]\n",
      " [0.00129705 0.00059902 0.00157896]\n",
      " [0.00361865 0.00157896 0.00468686]]\n",
      "SN-1: μ = 41.936 ± 0.068, s = 0.935 ± 0.024\n",
      "\n",
      "Fitting SN-2...\n",
      "Fitting with Minuit\n",
      "Chi2 = 14.94596743359877\n",
      "ndf = 17\n",
      "Fitted values:\n",
      "[-1.89039185  1.10811848 43.73471501]\n",
      "Errors:\n",
      "[0.33971276 0.05391943 0.1064058 ]\n",
      "Covariance:\n",
      "[[ 0.11540476 -0.00945469 -0.0132182 ]\n",
      " [-0.00945469  0.00290731  0.00551057]\n",
      " [-0.0132182   0.00551057  0.01132219]]\n",
      "SN-2: μ = 43.735 ± 0.106, s = 1.108 ± 0.054\n",
      "\n",
      "Fitting SN-3...\n",
      "Fitting with Minuit\n",
      "Chi2 = 20.475683710466846\n",
      "ndf = 17\n",
      "Fitted values:\n",
      "[-0.45228365  1.02541054 44.24137394]\n",
      "Errors:\n",
      "[0.82315968 0.09501634 0.16138776]\n",
      "Covariance:\n",
      "[[ 0.67759186 -0.06463118 -0.09822522]\n",
      " [-0.06463118  0.0090281   0.01499712]\n",
      " [-0.09822522  0.01499712  0.02604601]]\n",
      "SN-3: μ = 44.241 ± 0.161, s = 1.025 ± 0.095\n",
      "\n",
      "Fitting SN-4...\n",
      "Fitting with Minuit\n",
      "Chi2 = 33.812677024305195\n",
      "ndf = 17\n",
      "Fitted values:\n",
      "[ 0.62962268  1.00415215 39.94501612]\n",
      "Errors:\n",
      "[0.2420665  0.02729706 0.07290852]\n",
      "Covariance:\n",
      "[[ 0.05859619 -0.00169048 -0.00216402]\n",
      " [-0.00169048  0.00074513  0.00187666]\n",
      " [-0.00216402  0.00187666  0.00531565]]\n",
      "SN-4: μ = 39.945 ± 0.073, s = 1.004 ± 0.027\n",
      "\n",
      "Fitting SN-5...\n",
      "Fitting with Minuit\n",
      "Chi2 = 33.07745496797708\n",
      "ndf = 17\n",
      "Fitted values:\n",
      "[-1.56026402  0.94389158 41.39805004]\n",
      "Errors:\n",
      "[0.44731159 0.03278999 0.07420237]\n",
      "Covariance:\n",
      "[[ 0.20008766 -0.01024305 -0.01443216]\n",
      " [-0.01024305  0.00107518  0.00221272]\n",
      " [-0.01443216  0.00221272  0.00550599]]\n",
      "SN-5: μ = 41.398 ± 0.074, s = 0.944 ± 0.033\n",
      "\n",
      "Fitting SN-6...\n",
      "Fitting with Minuit\n",
      "Chi2 = 22.137354994148733\n",
      "ndf = 17\n",
      "Fitted values:\n",
      "[ 1.51964817  1.02687472 42.55621176]\n",
      "Errors:\n",
      "[0.30956506 0.04585627 0.09934019]\n",
      "Covariance:\n",
      "[[ 0.09583053 -0.00606126 -0.01030686]\n",
      " [-0.00606126  0.0021028   0.00441349]\n",
      " [-0.01030686  0.00441349  0.00986847]]\n",
      "SN-6: μ = 42.556 ± 0.099, s = 1.027 ± 0.046\n",
      "\n",
      "Fitting SN-7...\n",
      "Fitting with Minuit\n",
      "Chi2 = 19.060280659316955\n",
      "ndf = 17\n",
      "Fitted values:\n",
      "[-1.12891354  0.90052995 42.35619283]\n",
      "Errors:\n",
      "[0.43606245 0.03797556 0.08315739]\n",
      "Covariance:\n",
      "[[ 0.19015046 -0.01215063 -0.01894745]\n",
      " [-0.01215063  0.00144214  0.00293721]\n",
      " [-0.01894745  0.00293721  0.00691515]]\n",
      "SN-7: μ = 42.356 ± 0.083, s = 0.901 ± 0.038\n",
      "\n",
      "Fitting SN-8...\n",
      "Fitting with Minuit\n",
      "Chi2 = 17.58587999931381\n",
      "ndf = 17\n",
      "Fitted values:\n",
      "[ 1.79711517  0.98766081 42.4920517 ]\n",
      "Errors:\n",
      "[0.29393832 0.04152224 0.09281441]\n",
      "Covariance:\n",
      "[[ 0.08639973 -0.00506686 -0.00863723]\n",
      " [-0.00506686  0.0017241   0.00371616]\n",
      " [-0.00863723  0.00371616  0.00861451]]\n",
      "SN-8: μ = 42.492 ± 0.093, s = 0.988 ± 0.042\n",
      "\n",
      "Fitting SN-9...\n",
      "Fitting with Minuit\n",
      "Chi2 = 24.83678068182376\n",
      "ndf = 17\n",
      "Fitted values:\n",
      "[-1.68818512  0.89757939 42.73278779]\n",
      "Errors:\n",
      "[0.48137386 0.04079489 0.08545524]\n",
      "Covariance:\n",
      "[[ 0.23172079 -0.01435932 -0.02022672]\n",
      " [-0.01435932  0.00166422  0.00321196]\n",
      " [-0.02022672  0.00321196  0.0073026 ]]\n",
      "SN-9: μ = 42.733 ± 0.085, s = 0.898 ± 0.041\n",
      "\n",
      "Fitting SN-10...\n",
      "Fitting with Minuit\n",
      "Chi2 = 14.380590036767703\n",
      "ndf = 17\n",
      "Fitted values:\n",
      "[ 0.18201344  1.02645904 43.70864895]\n",
      "Errors:\n",
      "[0.57088953 0.06835856 0.12640278]\n",
      "Covariance:\n",
      "[[ 0.32591486 -0.02935326 -0.04686037]\n",
      " [-0.02935326  0.00467289  0.00840261]\n",
      " [-0.04686037  0.00840261  0.01597766]]\n",
      "SN-10: μ = 43.709 ± 0.126, s = 1.026 ± 0.068\n",
      "\n",
      "Fitting SN-11...\n",
      "Fitting with Minuit\n",
      "Chi2 = 20.85332333134924\n",
      "ndf = 17\n",
      "Fitted values:\n",
      "[ 0.73684481  0.94132057 43.77322622]\n",
      "Errors:\n",
      "[3.70488585 0.1226558  0.17904089]\n",
      "Covariance:\n",
      "[[13.72617917  0.45366295  0.65969004]\n",
      " [ 0.45366295  0.01504444  0.02185143]\n",
      " [ 0.65969004  0.02185143  0.03205564]]\n",
      "SN-11: μ = 43.773 ± 0.179, s = 0.941 ± 0.123\n",
      "\n",
      "Fitting SN-12...\n",
      "Fitting with Minuit\n",
      "Chi2 = 27.972444239777637\n",
      "ndf = 17\n",
      "Fitted values:\n",
      "[-1.47406484  1.08359572 42.96759455]\n",
      "Errors:\n",
      "[0.68514251 0.06131625 0.10998519]\n",
      "Covariance:\n",
      "[[ 0.46942026 -0.03387085 -0.04860676]\n",
      " [-0.03387085  0.00375968  0.00643382]\n",
      " [-0.04860676  0.00643382  0.01209674]]\n",
      "SN-12: μ = 42.968 ± 0.110, s = 1.084 ± 0.061\n",
      "\n",
      "Fitting SN-13...\n",
      "Fitting with Minuit\n",
      "Chi2 = 19.868888458306795\n",
      "ndf = 17\n",
      "Fitted values:\n",
      "[-2.03789813  1.04204871 43.18191466]\n",
      "Errors:\n",
      "[0.07012689 0.02126483 0.05491819]\n",
      "Covariance:\n",
      "[[0.00491778 0.00094617 0.00235438]\n",
      " [0.00094617 0.00045219 0.00104783]\n",
      " [0.00235438 0.00104783 0.00301601]]\n",
      "SN-13: μ = 43.182 ± 0.055, s = 1.042 ± 0.021\n",
      "\n",
      "Fitting SN-14...\n",
      "Fitting with Minuit\n",
      "Chi2 = 12.876714951246353\n",
      "ndf = 17\n",
      "Fitted values:\n",
      "[ 0.30800471  0.90290973 43.02163787]\n",
      "Errors:\n",
      "[0.40251418 0.04650319 0.09811887]\n",
      "Covariance:\n",
      "[[ 0.16201766 -0.01274472 -0.02169847]\n",
      " [-0.01274472  0.00216255  0.00437607]\n",
      " [-0.02169847  0.00437607  0.00962731]]\n",
      "SN-14: μ = 43.022 ± 0.098, s = 0.903 ± 0.047\n",
      "\n",
      "Fitting SN-15...\n",
      "Fitting with Minuit\n",
      "Chi2 = 22.404829661886385\n",
      "ndf = 17\n",
      "Fitted values:\n",
      "[-0.15578288  1.16311478 43.56183585]\n",
      "Errors:\n",
      "[0.04874072 0.00793998 0.02867193]\n",
      "Covariance:\n",
      "[[ 2.37565740e-03 -5.80928619e-06  8.35393407e-05]\n",
      " [-5.80928619e-06  6.30432579e-05  1.25305004e-04]\n",
      " [ 8.35393407e-05  1.25305004e-04  8.22079406e-04]]\n",
      "SN-15: μ = 43.562 ± 0.029, s = 1.163 ± 0.008\n",
      "\n",
      "Fitting SN-16...\n",
      "Fitting with Minuit\n",
      "Chi2 = 13.313511659126938\n",
      "ndf = 17\n",
      "Fitted values:\n",
      "[ 1.30581319  0.99652961 43.94406853]\n",
      "Errors:\n",
      "[0.47960096 0.06667883 0.12725852]\n",
      "Covariance:\n",
      "[[ 0.23001708 -0.02145416 -0.03578642]\n",
      " [-0.02145416  0.00444607  0.00827336]\n",
      " [-0.03578642  0.00827336  0.01619473]]\n",
      "SN-16: μ = 43.944 ± 0.127, s = 0.997 ± 0.067\n",
      "\n",
      "Fitting SN-17...\n",
      "Fitting with Minuit\n",
      "Chi2 = 30.178230487470838\n",
      "ndf = 17\n",
      "Fitted values:\n",
      "[-1.39399916  1.18644338 43.7239806 ]\n",
      "Errors:\n",
      "[3.36395596 0.11462995 0.02231028]\n",
      "Covariance:\n",
      "[[ 1.13161997e+01 -3.85078008e-01 -6.24497255e-02]\n",
      " [-3.85078008e-01  1.31400257e-02  2.14293403e-03]\n",
      " [-6.24497255e-02  2.14293403e-03  4.97748758e-04]]\n",
      "SN-17: μ = 43.724 ± 0.022, s = 1.186 ± 0.115\n",
      "\n",
      "Fitting SN-18...\n",
      "Fitting with Minuit\n",
      "Chi2 = 18.963274723039362\n",
      "ndf = 17\n",
      "Fitted values:\n",
      "[-0.43820408  0.94169495 43.73986261]\n",
      "Errors:\n",
      "[0.53002035 0.06195184 0.11845867]\n",
      "Covariance:\n",
      "[[ 0.28092158 -0.02459294 -0.03952791]\n",
      " [-0.02459294  0.00383803  0.00708439]\n",
      " [-0.03952791  0.00708439  0.01403246]]\n",
      "SN-18: μ = 43.740 ± 0.118, s = 0.942 ± 0.062\n",
      "\n",
      "Fitting SN-19...\n",
      "Chi2 = 17.58587999931381\n",
      "ndf = 17\n",
      "Fitted values:\n",
      "[ 1.79711517  0.98766081 42.4920517 ]\n",
      "Errors:\n",
      "[0.29393832 0.04152224 0.09281441]\n",
      "Covariance:\n",
      "[[ 0.08639973 -0.00506686 -0.00863723]\n",
      " [-0.00506686  0.0017241   0.00371616]\n",
      " [-0.00863723  0.00371616  0.00861451]]\n",
      "SN-8: μ = 42.492 ± 0.093, s = 0.988 ± 0.042\n",
      "\n",
      "Fitting SN-9...\n",
      "Fitting with Minuit\n",
      "Chi2 = 24.83678068182376\n",
      "ndf = 17\n",
      "Fitted values:\n",
      "[-1.68818512  0.89757939 42.73278779]\n",
      "Errors:\n",
      "[0.48137386 0.04079489 0.08545524]\n",
      "Covariance:\n",
      "[[ 0.23172079 -0.01435932 -0.02022672]\n",
      " [-0.01435932  0.00166422  0.00321196]\n",
      " [-0.02022672  0.00321196  0.0073026 ]]\n",
      "SN-9: μ = 42.733 ± 0.085, s = 0.898 ± 0.041\n",
      "\n",
      "Fitting SN-10...\n",
      "Fitting with Minuit\n",
      "Chi2 = 14.380590036767703\n",
      "ndf = 17\n",
      "Fitted values:\n",
      "[ 0.18201344  1.02645904 43.70864895]\n",
      "Errors:\n",
      "[0.57088953 0.06835856 0.12640278]\n",
      "Covariance:\n",
      "[[ 0.32591486 -0.02935326 -0.04686037]\n",
      " [-0.02935326  0.00467289  0.00840261]\n",
      " [-0.04686037  0.00840261  0.01597766]]\n",
      "SN-10: μ = 43.709 ± 0.126, s = 1.026 ± 0.068\n",
      "\n",
      "Fitting SN-11...\n",
      "Fitting with Minuit\n",
      "Chi2 = 20.85332333134924\n",
      "ndf = 17\n",
      "Fitted values:\n",
      "[ 0.73684481  0.94132057 43.77322622]\n",
      "Errors:\n",
      "[3.70488585 0.1226558  0.17904089]\n",
      "Covariance:\n",
      "[[13.72617917  0.45366295  0.65969004]\n",
      " [ 0.45366295  0.01504444  0.02185143]\n",
      " [ 0.65969004  0.02185143  0.03205564]]\n",
      "SN-11: μ = 43.773 ± 0.179, s = 0.941 ± 0.123\n",
      "\n",
      "Fitting SN-12...\n",
      "Fitting with Minuit\n",
      "Chi2 = 27.972444239777637\n",
      "ndf = 17\n",
      "Fitted values:\n",
      "[-1.47406484  1.08359572 42.96759455]\n",
      "Errors:\n",
      "[0.68514251 0.06131625 0.10998519]\n",
      "Covariance:\n",
      "[[ 0.46942026 -0.03387085 -0.04860676]\n",
      " [-0.03387085  0.00375968  0.00643382]\n",
      " [-0.04860676  0.00643382  0.01209674]]\n",
      "SN-12: μ = 42.968 ± 0.110, s = 1.084 ± 0.061\n",
      "\n",
      "Fitting SN-13...\n",
      "Fitting with Minuit\n",
      "Chi2 = 19.868888458306795\n",
      "ndf = 17\n",
      "Fitted values:\n",
      "[-2.03789813  1.04204871 43.18191466]\n",
      "Errors:\n",
      "[0.07012689 0.02126483 0.05491819]\n",
      "Covariance:\n",
      "[[0.00491778 0.00094617 0.00235438]\n",
      " [0.00094617 0.00045219 0.00104783]\n",
      " [0.00235438 0.00104783 0.00301601]]\n",
      "SN-13: μ = 43.182 ± 0.055, s = 1.042 ± 0.021\n",
      "\n",
      "Fitting SN-14...\n",
      "Fitting with Minuit\n",
      "Chi2 = 12.876714951246353\n",
      "ndf = 17\n",
      "Fitted values:\n",
      "[ 0.30800471  0.90290973 43.02163787]\n",
      "Errors:\n",
      "[0.40251418 0.04650319 0.09811887]\n",
      "Covariance:\n",
      "[[ 0.16201766 -0.01274472 -0.02169847]\n",
      " [-0.01274472  0.00216255  0.00437607]\n",
      " [-0.02169847  0.00437607  0.00962731]]\n",
      "SN-14: μ = 43.022 ± 0.098, s = 0.903 ± 0.047\n",
      "\n",
      "Fitting SN-15...\n",
      "Fitting with Minuit\n",
      "Chi2 = 22.404829661886385\n",
      "ndf = 17\n",
      "Fitted values:\n",
      "[-0.15578288  1.16311478 43.56183585]\n",
      "Errors:\n",
      "[0.04874072 0.00793998 0.02867193]\n",
      "Covariance:\n",
      "[[ 2.37565740e-03 -5.80928619e-06  8.35393407e-05]\n",
      " [-5.80928619e-06  6.30432579e-05  1.25305004e-04]\n",
      " [ 8.35393407e-05  1.25305004e-04  8.22079406e-04]]\n",
      "SN-15: μ = 43.562 ± 0.029, s = 1.163 ± 0.008\n",
      "\n",
      "Fitting SN-16...\n",
      "Fitting with Minuit\n",
      "Chi2 = 13.313511659126938\n",
      "ndf = 17\n",
      "Fitted values:\n",
      "[ 1.30581319  0.99652961 43.94406853]\n",
      "Errors:\n",
      "[0.47960096 0.06667883 0.12725852]\n",
      "Covariance:\n",
      "[[ 0.23001708 -0.02145416 -0.03578642]\n",
      " [-0.02145416  0.00444607  0.00827336]\n",
      " [-0.03578642  0.00827336  0.01619473]]\n",
      "SN-16: μ = 43.944 ± 0.127, s = 0.997 ± 0.067\n",
      "\n",
      "Fitting SN-17...\n",
      "Fitting with Minuit\n",
      "Chi2 = 30.178230487470838\n",
      "ndf = 17\n",
      "Fitted values:\n",
      "[-1.39399916  1.18644338 43.7239806 ]\n",
      "Errors:\n",
      "[3.36395596 0.11462995 0.02231028]\n",
      "Covariance:\n",
      "[[ 1.13161997e+01 -3.85078008e-01 -6.24497255e-02]\n",
      " [-3.85078008e-01  1.31400257e-02  2.14293403e-03]\n",
      " [-6.24497255e-02  2.14293403e-03  4.97748758e-04]]\n",
      "SN-17: μ = 43.724 ± 0.022, s = 1.186 ± 0.115\n",
      "\n",
      "Fitting SN-18...\n",
      "Fitting with Minuit\n",
      "Chi2 = 18.963274723039362\n",
      "ndf = 17\n",
      "Fitted values:\n",
      "[-0.43820408  0.94169495 43.73986261]\n",
      "Errors:\n",
      "[0.53002035 0.06195184 0.11845867]\n",
      "Covariance:\n",
      "[[ 0.28092158 -0.02459294 -0.03952791]\n",
      " [-0.02459294  0.00383803  0.00708439]\n",
      " [-0.03952791  0.00708439  0.01403246]]\n",
      "SN-18: μ = 43.740 ± 0.118, s = 0.942 ± 0.062\n",
      "\n",
      "Fitting SN-19...\n",
      "Fitting with Minuit\n",
      "Chi2 = 14.5366247245728\n",
      "ndf = 17\n",
      "Fitted values:\n",
      "[-1.33617646  0.94148377 43.79592702]\n",
      "Errors:\n",
      "[0.66329439 0.06640026 0.11989101]\n",
      "Covariance:\n",
      "[[ 0.43995945 -0.03523682 -0.05178981]\n",
      " [-0.03523682  0.00440899  0.00761278]\n",
      " [-0.05178981  0.00761278  0.01437386]]\n",
      "SN-19: μ = 43.796 ± 0.120, s = 0.941 ± 0.066\n",
      "\n",
      "Fitting SN-20...\n",
      "Fitting with Minuit\n",
      "Chi2 = 19.314079286073905\n",
      "ndf = 17\n",
      "Fitted values:\n",
      "[-2.8409474   1.01888152 42.17523662]\n",
      "Errors:\n",
      "[0.05891875 0.01702634 0.04998361]\n",
      "Covariance:\n",
      "[[0.00347142 0.00061166 0.00173165]\n",
      " [0.00061166 0.0002899  0.00075282]\n",
      " [0.00173165 0.00075282 0.00249836]]\n",
      "SN-20: μ = 42.175 ± 0.050, s = 1.019 ± 0.017\n",
      "\n",
      "Fitting SN-21...\n",
      "Fitting with Minuit\n",
      "Chi2 = 18.169317173285567\n",
      "ndf = 17\n",
      "Fitted values:\n",
      "[-2.33103159  1.03766395 42.85196906]\n",
      "Errors:\n",
      "[0.64172713 0.05211055 0.09725823]\n",
      "Covariance:\n",
      "[[ 0.41181371 -0.02563529 -0.03415602]\n",
      " [-0.02563529  0.00271551  0.00473213]\n",
      " [-0.03415602  0.00473213  0.00945916]]\n",
      "SN-21: μ = 42.852 ± 0.097, s = 1.038 ± 0.052\n",
      "\n",
      "Fitting SN-22...\n",
      "Fitting with Minuit\n",
      "Chi2 = 27.23688007411827\n",
      "ndf = 17\n",
      "Fitted values:\n",
      "[ 0.58020214  0.97239517 42.78046909]\n",
      "Errors:\n",
      "[0.4194826  0.04742773 0.0989197 ]\n",
      "Covariance:\n",
      "[[ 0.17596565 -0.01338661 -0.02242974]\n",
      " [-0.01338661  0.00224939  0.00450757]\n",
      " [-0.02242974  0.00450757  0.00978511]]\n",
      "SN-22: μ = 42.780 ± 0.099, s = 0.972 ± 0.047\n",
      "\n",
      "Fitting SN-23...\n",
      "Fitting with Minuit\n",
      "Chi2 = 18.60942963749593\n",
      "ndf = 17\n",
      "Fitted values:\n",
      "[-1.15675604  1.12173093 43.2139368 ]\n",
      "Errors:\n",
      "[0.76384011 0.07384096 0.12808691]\n",
      "Covariance:\n",
      "[[ 0.58345172 -0.04688061 -0.06972166]\n",
      " [-0.04688061  0.00545249  0.00916161]\n",
      " [-0.06972166  0.00916161  0.01640626]]\n",
      "SN-23: μ = 43.214 ± 0.128, s = 1.122 ± 0.074\n",
      "\n",
      "Fitting SN-24...\n",
      "Fitting with Minuit\n",
      "Chi2 = 23.843158340657098\n",
      "ndf = 17\n",
      "Fitted values:\n",
      "[-1.08917397  0.91104452 42.09074852]\n",
      "Errors:\n",
      "[0.44082923 0.03762407 0.08300828]\n",
      "Covariance:\n",
      "[[ 0.19433041 -0.01176716 -0.01815569]\n",
      " [-0.01176716  0.00141557  0.00290843]\n",
      " [-0.01815569  0.00290843  0.00689037]]\n",
      "SN-24: μ = 42.091 ± 0.083, s = 0.911 ± 0.038\n",
      "\n",
      "Fitting SN-25...\n",
      "Fitting with Minuit\n",
      "Chi2 = 4.559176003582002\n",
      "ndf = 17\n",
      "Fitted values:\n",
      "[ 2.16269895  0.96363296 43.85424659]\n",
      "Errors:\n",
      "[0.32065783 0.04995999 0.1035725 ]\n",
      "Covariance:\n",
      "[[ 0.10282144 -0.00600979 -0.01019953]\n",
      " [-0.00600979  0.002496    0.00500646]\n",
      " [-0.01019953  0.00500646  0.01072726]]\n",
      "SN-25: μ = 43.854 ± 0.104, s = 0.964 ± 0.050\n",
      "\n",
      "Fitting SN-26...\n",
      "Fitting with Minuit\n",
      "Chi2 = 22.65614808344291\n",
      "ndf = 17\n",
      "Fitted values:\n",
      "[ 1.51702203  1.0186196  43.13925081]\n",
      "Errors:\n",
      "[0.43539912 0.05827522 0.11623782]\n",
      "Covariance:\n",
      "[[ 0.1895724  -0.01771079 -0.03106894]\n",
      " [-0.01771079  0.003396    0.00660248]\n",
      " [-0.03106894  0.00660248  0.01351123]]\n",
      "SN-26: μ = 43.139 ± 0.116, s = 1.019 ± 0.058\n",
      "\n",
      "Fitting SN-27...\n",
      "Fitting with Minuit\n",
      "Chi2 = 14.391052726904778\n",
      "ndf = 17\n",
      "Fitted values:\n",
      "[ 1.68506971  1.09285456 42.58492228]\n",
      "Errors:\n",
      "[0.29586751 0.01136531 0.03370211]\n",
      "Covariance:\n",
      "[[ 0.08753758 -0.00046778  0.00159678]\n",
      " [-0.00046778  0.00012917  0.00026246]\n",
      " [ 0.00159678  0.00026246  0.00113583]]\n",
      "SN-27: μ = 42.585 ± 0.034, s = 1.093 ± 0.011\n",
      "\n",
      "Fitting SN-28...\n",
      "Fitting with Minuit\n",
      "Chi2 = 23.565464531871097\n",
      "ndf = 17\n",
      "Fitted values:\n",
      "[ 1.69028582  0.98947363 43.49874823]\n",
      "Errors:\n",
      "[0.10524626 0.01202674 0.03371632]\n",
      "Covariance:\n",
      "[[ 0.01107678 -0.00074264 -0.00125329]\n",
      " [-0.00074264  0.00014464  0.00027886]\n",
      " [-0.00125329  0.00027886  0.00113679]]\n",
      "SN-28: μ = 43.499 ± 0.034, s = 0.989 ± 0.012\n",
      "\n",
      "Fitting SN-29...\n",
      "Fitting with Minuit\n",
      "Chi2 = 12.267926600676951\n",
      "ndf = 17\n",
      "Fitted values:\n",
      "[ 2.28821766  0.96976357 43.73048124]\n",
      "Errors:\n",
      "[0.31640244 0.04833408 0.10080741]\n",
      "Covariance:\n",
      "[[ 0.10011051 -0.00577066 -0.00976091]\n",
      " [-0.00577066  0.00233618  0.00471095]\n",
      " [-0.00976091  0.00471095  0.01016213]]\n",
      "SN-29: μ = 43.730 ± 0.101, s = 0.970 ± 0.048\n",
      "\n",
      "Fitting SN-30...\n",
      "Fitting with Minuit\n",
      "Chi2 = 21.2637866288524\n",
      "ndf = 17\n",
      "Fitted values:\n",
      "[ 2.80892106  1.06213714 43.66906607]\n",
      "Errors:\n",
      "[0.32353845 0.0533754  0.10817315]\n",
      "Covariance:\n",
      "[[ 0.10467713 -0.00621774 -0.01061827]\n",
      " [-0.00621774  0.00284893  0.00562015]\n",
      " [-0.01061827  0.00562015  0.01170143]]\n",
      "SN-30: μ = 43.669 ± 0.108, s = 1.062 ± 0.053\n",
      "\n",
      "Fitting SN-31...\n",
      "Fitting with Minuit\n",
      "Fitting with Minuit\n",
      "Chi2 = 14.5366247245728\n",
      "ndf = 17\n",
      "Fitted values:\n",
      "[-1.33617646  0.94148377 43.79592702]\n",
      "Errors:\n",
      "[0.66329439 0.06640026 0.11989101]\n",
      "Covariance:\n",
      "[[ 0.43995945 -0.03523682 -0.05178981]\n",
      " [-0.03523682  0.00440899  0.00761278]\n",
      " [-0.05178981  0.00761278  0.01437386]]\n",
      "SN-19: μ = 43.796 ± 0.120, s = 0.941 ± 0.066\n",
      "\n",
      "Fitting SN-20...\n",
      "Fitting with Minuit\n",
      "Chi2 = 19.314079286073905\n",
      "ndf = 17\n",
      "Fitted values:\n",
      "[-2.8409474   1.01888152 42.17523662]\n",
      "Errors:\n",
      "[0.05891875 0.01702634 0.04998361]\n",
      "Covariance:\n",
      "[[0.00347142 0.00061166 0.00173165]\n",
      " [0.00061166 0.0002899  0.00075282]\n",
      " [0.00173165 0.00075282 0.00249836]]\n",
      "SN-20: μ = 42.175 ± 0.050, s = 1.019 ± 0.017\n",
      "\n",
      "Fitting SN-21...\n",
      "Fitting with Minuit\n",
      "Chi2 = 18.169317173285567\n",
      "ndf = 17\n",
      "Fitted values:\n",
      "[-2.33103159  1.03766395 42.85196906]\n",
      "Errors:\n",
      "[0.64172713 0.05211055 0.09725823]\n",
      "Covariance:\n",
      "[[ 0.41181371 -0.02563529 -0.03415602]\n",
      " [-0.02563529  0.00271551  0.00473213]\n",
      " [-0.03415602  0.00473213  0.00945916]]\n",
      "SN-21: μ = 42.852 ± 0.097, s = 1.038 ± 0.052\n",
      "\n",
      "Fitting SN-22...\n",
      "Fitting with Minuit\n",
      "Chi2 = 27.23688007411827\n",
      "ndf = 17\n",
      "Fitted values:\n",
      "[ 0.58020214  0.97239517 42.78046909]\n",
      "Errors:\n",
      "[0.4194826  0.04742773 0.0989197 ]\n",
      "Covariance:\n",
      "[[ 0.17596565 -0.01338661 -0.02242974]\n",
      " [-0.01338661  0.00224939  0.00450757]\n",
      " [-0.02242974  0.00450757  0.00978511]]\n",
      "SN-22: μ = 42.780 ± 0.099, s = 0.972 ± 0.047\n",
      "\n",
      "Fitting SN-23...\n",
      "Fitting with Minuit\n",
      "Chi2 = 18.60942963749593\n",
      "ndf = 17\n",
      "Fitted values:\n",
      "[-1.15675604  1.12173093 43.2139368 ]\n",
      "Errors:\n",
      "[0.76384011 0.07384096 0.12808691]\n",
      "Covariance:\n",
      "[[ 0.58345172 -0.04688061 -0.06972166]\n",
      " [-0.04688061  0.00545249  0.00916161]\n",
      " [-0.06972166  0.00916161  0.01640626]]\n",
      "SN-23: μ = 43.214 ± 0.128, s = 1.122 ± 0.074\n",
      "\n",
      "Fitting SN-24...\n",
      "Fitting with Minuit\n",
      "Chi2 = 23.843158340657098\n",
      "ndf = 17\n",
      "Fitted values:\n",
      "[-1.08917397  0.91104452 42.09074852]\n",
      "Errors:\n",
      "[0.44082923 0.03762407 0.08300828]\n",
      "Covariance:\n",
      "[[ 0.19433041 -0.01176716 -0.01815569]\n",
      " [-0.01176716  0.00141557  0.00290843]\n",
      " [-0.01815569  0.00290843  0.00689037]]\n",
      "SN-24: μ = 42.091 ± 0.083, s = 0.911 ± 0.038\n",
      "\n",
      "Fitting SN-25...\n",
      "Fitting with Minuit\n",
      "Chi2 = 4.559176003582002\n",
      "ndf = 17\n",
      "Fitted values:\n",
      "[ 2.16269895  0.96363296 43.85424659]\n",
      "Errors:\n",
      "[0.32065783 0.04995999 0.1035725 ]\n",
      "Covariance:\n",
      "[[ 0.10282144 -0.00600979 -0.01019953]\n",
      " [-0.00600979  0.002496    0.00500646]\n",
      " [-0.01019953  0.00500646  0.01072726]]\n",
      "SN-25: μ = 43.854 ± 0.104, s = 0.964 ± 0.050\n",
      "\n",
      "Fitting SN-26...\n",
      "Fitting with Minuit\n",
      "Chi2 = 22.65614808344291\n",
      "ndf = 17\n",
      "Fitted values:\n",
      "[ 1.51702203  1.0186196  43.13925081]\n",
      "Errors:\n",
      "[0.43539912 0.05827522 0.11623782]\n",
      "Covariance:\n",
      "[[ 0.1895724  -0.01771079 -0.03106894]\n",
      " [-0.01771079  0.003396    0.00660248]\n",
      " [-0.03106894  0.00660248  0.01351123]]\n",
      "SN-26: μ = 43.139 ± 0.116, s = 1.019 ± 0.058\n",
      "\n",
      "Fitting SN-27...\n",
      "Fitting with Minuit\n",
      "Chi2 = 14.391052726904778\n",
      "ndf = 17\n",
      "Fitted values:\n",
      "[ 1.68506971  1.09285456 42.58492228]\n",
      "Errors:\n",
      "[0.29586751 0.01136531 0.03370211]\n",
      "Covariance:\n",
      "[[ 0.08753758 -0.00046778  0.00159678]\n",
      " [-0.00046778  0.00012917  0.00026246]\n",
      " [ 0.00159678  0.00026246  0.00113583]]\n",
      "SN-27: μ = 42.585 ± 0.034, s = 1.093 ± 0.011\n",
      "\n",
      "Fitting SN-28...\n",
      "Fitting with Minuit\n",
      "Chi2 = 23.565464531871097\n",
      "ndf = 17\n",
      "Fitted values:\n",
      "[ 1.69028582  0.98947363 43.49874823]\n",
      "Errors:\n",
      "[0.10524626 0.01202674 0.03371632]\n",
      "Covariance:\n",
      "[[ 0.01107678 -0.00074264 -0.00125329]\n",
      " [-0.00074264  0.00014464  0.00027886]\n",
      " [-0.00125329  0.00027886  0.00113679]]\n",
      "SN-28: μ = 43.499 ± 0.034, s = 0.989 ± 0.012\n",
      "\n",
      "Fitting SN-29...\n",
      "Fitting with Minuit\n",
      "Chi2 = 12.267926600676951\n",
      "ndf = 17\n",
      "Fitted values:\n",
      "[ 2.28821766  0.96976357 43.73048124]\n",
      "Errors:\n",
      "[0.31640244 0.04833408 0.10080741]\n",
      "Covariance:\n",
      "[[ 0.10011051 -0.00577066 -0.00976091]\n",
      " [-0.00577066  0.00233618  0.00471095]\n",
      " [-0.00976091  0.00471095  0.01016213]]\n",
      "SN-29: μ = 43.730 ± 0.101, s = 0.970 ± 0.048\n",
      "\n",
      "Fitting SN-30...\n",
      "Fitting with Minuit\n",
      "Chi2 = 21.2637866288524\n",
      "ndf = 17\n",
      "Fitted values:\n",
      "[ 2.80892106  1.06213714 43.66906607]\n",
      "Errors:\n",
      "[0.32353845 0.0533754  0.10817315]\n",
      "Covariance:\n",
      "[[ 0.10467713 -0.00621774 -0.01061827]\n",
      " [-0.00621774  0.00284893  0.00562015]\n",
      " [-0.01061827  0.00562015  0.01170143]]\n",
      "SN-30: μ = 43.669 ± 0.108, s = 1.062 ± 0.053\n",
      "\n",
      "Fitting SN-31...\n",
      "Fitting with Minuit\n",
      "Chi2 = 16.008353063888308\n",
      "ndf = 17\n",
      "Fitted values:\n",
      "[ 0.7231461   0.94742053 41.01469581]\n",
      "Errors:\n",
      "[0.28751686 0.03071806 0.07735973]\n",
      "Covariance:\n",
      "[[ 0.08266594 -0.00433507 -0.00741181]\n",
      " [-0.00433507  0.0009436   0.00224409]\n",
      " [-0.00741181  0.00224409  0.00598453]]\n",
      "SN-31: μ = 41.015 ± 0.077, s = 0.947 ± 0.031\n",
      "\n",
      "Fitting SN-32...\n",
      "Fitting with Minuit\n",
      "Chi2 = 11.096739360659873\n",
      "ndf = 17\n",
      "Fitted values:\n",
      "[-4.08141052  1.21008934 43.76969083]\n",
      "Errors:\n",
      "[1.36482921 0.10426168 0.15544787]\n",
      "Covariance:\n",
      "[[ 1.86275877 -0.12697453 -0.15972731]\n",
      " [-0.12697453  0.0108705   0.01556046]\n",
      " [-0.15972731  0.01556046  0.02416404]]\n",
      "SN-32: μ = 43.770 ± 0.155, s = 1.210 ± 0.104\n",
      "\n",
      "Fitting SN-33...\n",
      "Fitting with Minuit\n",
      "Chi2 = 18.004584703000326\n",
      "ndf = 17\n",
      "Fitted values:\n",
      "[-0.05018914  0.94164687 43.20275472]\n",
      "Errors:\n",
      "[0.48666027 0.05161898 0.1021842 ]\n",
      "Covariance:\n",
      "[[ 0.23683822 -0.01800471 -0.02838256]\n",
      " [-0.01800471  0.00266452  0.00504764]\n",
      " [-0.02838256  0.00504764  0.01044161]]\n",
      "SN-33: μ = 43.203 ± 0.102, s = 0.942 ± 0.052\n",
      "\n",
      "Fitting SN-34...\n",
      "Fitting with Minuit\n",
      "Chi2 = 30.140271778162344\n",
      "ndf = 17\n",
      "Fitted values:\n",
      "[ 1.00516071  0.98639557 43.2418565 ]\n",
      "Errors:\n",
      "[0.43987747 0.05741582 0.11422345]\n",
      "Covariance:\n",
      "[[ 0.19349219 -0.01666219 -0.02799409]\n",
      " [-0.01666219  0.00329658  0.00637086]\n",
      " [-0.02799409  0.00637086  0.013047  ]]\n",
      "SN-34: μ = 43.242 ± 0.114, s = 0.986 ± 0.057\n",
      "\n",
      "Fitting SN-35...\n",
      "Fitting with Minuit\n",
      "Chi2 = 23.874868398254996\n",
      "ndf = 17\n",
      "Fitted values:\n",
      "[ 1.65966038  0.92848567 41.25983821]\n",
      "Errors:\n",
      "[0.2028685  0.02628968 0.07271937]\n",
      "Covariance:\n",
      "[[ 0.04115563 -0.00041993  0.00018521]\n",
      " [-0.00041993  0.00069115  0.00180846]\n",
      " [ 0.00018521  0.00180846  0.00528811]]\n",
      "SN-35: μ = 41.260 ± 0.073, s = 0.928 ± 0.026\n",
      "\n",
      "Fitting SN-36...\n",
      "Fitting with Minuit\n",
      "Chi2 = 19.57704473744992\n",
      "ndf = 17\n",
      "Fitted values:\n",
      "[ 1.09604985  0.99552183 43.50698122]\n",
      "Errors:\n",
      "[0.44690196 0.06001936 0.11767941]\n",
      "Covariance:\n",
      "[[ 0.19972136 -0.01817799 -0.03039557]\n",
      " [-0.01817799  0.00360232  0.0068654 ]\n",
      " [-0.03039557  0.0068654   0.01384844]]\n",
      "SN-36: μ = 43.507 ± 0.118, s = 0.996 ± 0.060\n",
      "\n",
      "Fitting SN-37...\n",
      "Fitting with Minuit\n",
      "Chi2 = 38.31152101513341\n",
      "ndf = 17\n",
      "Fitted values:\n",
      "[ 0.40812907  0.88572991 42.80196054]\n",
      "Errors:\n",
      "[0.38919403 0.04136368 0.09024754]\n",
      "Covariance:\n",
      "[[ 0.15147199 -0.0109453  -0.01877968]\n",
      " [-0.0109453   0.00171095  0.00355364]\n",
      " [-0.01877968  0.00355364  0.00814462]]\n",
      "SN-37: μ = 42.802 ± 0.090, s = 0.886 ± 0.041\n",
      "\n",
      "Fitting SN-38...\n",
      "Fitting with Minuit\n",
      "Chi2 = 25.800364159128648\n",
      "ndf = 17\n",
      "Fitted values:\n",
      "[1.79466750e-02 1.17750570e+00 4.37848159e+01]\n",
      "Errors:\n",
      "[0.72928043 0.09531558 0.16499597]\n",
      "Covariance:\n",
      "[[ 0.53184995 -0.05442926 -0.08493945]\n",
      " [-0.05442926  0.00908506  0.01547137]\n",
      " [-0.08493945  0.01547137  0.02722367]]\n",
      "SN-38: μ = 43.785 ± 0.165, s = 1.178 ± 0.095\n",
      "\n",
      "Fitting SN-39...\n",
      "Fitting with Minuit\n",
      "Chi2 = 23.31489729381775\n",
      "ndf = 17\n",
      "Fitted values:\n",
      "[-3.51467069  0.93047923 42.74417681]\n",
      "Errors:\n",
      "[0.66432655 0.04549753 0.0860603 ]\n",
      "Covariance:\n",
      "[[ 0.44132976 -0.02371767 -0.02633386]\n",
      " [-0.02371767  0.00207003  0.00345769]\n",
      " [-0.02633386  0.00345769  0.00740638]]\n",
      "SN-39: μ = 42.744 ± 0.086, s = 0.930 ± 0.045\n",
      "\n",
      "Fitting SN-40...\n",
      "Fitting with Minuit\n",
      "Chi2 = 12.43890467155987\n",
      "ndf = 17\n",
      "Fitted values:\n",
      "[-1.18224462  1.01163163 43.11799305]\n",
      "Errors:\n",
      "[0.63825383 0.05762053 0.10483636]\n",
      "Covariance:\n",
      "[[ 0.40736795 -0.02933075 -0.04172664]\n",
      " [-0.02933075  0.00332013  0.00572891]\n",
      " [-0.04172664  0.00572891  0.01099066]]\n",
      "SN-40: μ = 43.118 ± 0.105, s = 1.012 ± 0.058\n",
      "\n",
      "Fitting SN-41...\n",
      "Fitting with Minuit\n",
      "Chi2 = 15.600416146910124\n",
      "ndf = 17\n",
      "Fitted values:\n",
      "[ 0.06368139  0.99245689 42.14122354]\n",
      "Errors:\n",
      "[0.42909275 0.04493842 0.09570859]\n",
      "Covariance:\n",
      "[[ 0.18412059 -0.0133601  -0.022665  ]\n",
      " [-0.0133601   0.00201946  0.00412155]\n",
      " [-0.022665    0.00412155  0.00916013]]\n",
      "SN-41: μ = 42.141 ± 0.096, s = 0.992 ± 0.045\n",
      "\n",
      "Fitting SN-42...\n",
      "Fitting with Minuit\n",
      "Chi2 = 22.574638450652213\n",
      "ndf = 17\n",
      "Fitted values:\n",
      "[-1.30276989  1.01767192 43.80472643]\n",
      "Errors:\n",
      "[0.43679808 0.01211236 0.04003222]\n",
      "Covariance:\n",
      "[[ 1.90792566e-01 -1.17032143e-03  7.73487477e-03]\n",
      " [-1.17032143e-03  1.46709264e-04  2.48073729e-04]\n",
      " [ 7.73487477e-03  2.48073729e-04  1.60257893e-03]]\n",
      "SN-42: μ = 43.805 ± 0.040, s = 1.018 ± 0.012\n",
      "\n",
      "Fitting SN-43...\n",
      "Fitting with Minuit\n",
      "Chi2 = 11.78098227364467\n",
      "ndf = 17\n",
      "Fitted values:\n",
      "[ 1.17601896  1.10734822 43.34145782]\n",
      "Errors:\n",
      "[0.50643133 0.06689574 0.12599069]\n",
      "Covariance:\n",
      "[[ 0.25647269 -0.02397747 -0.03990696]\n",
      " [-0.02397747  0.00447504  0.0082408 ]\n",
      " [-0.03990696  0.0082408   0.01587365]]\n",
      "SN-43: μ = 43.341 ± 0.126, s = 1.107 ± 0.067\n",
      "\n",
      "Fitting SN-44...\n",
      "Chi2 = 16.008353063888308\n",
      "ndf = 17\n",
      "Fitted values:\n",
      "[ 0.7231461   0.94742053 41.01469581]\n",
      "Errors:\n",
      "[0.28751686 0.03071806 0.07735973]\n",
      "Covariance:\n",
      "[[ 0.08266594 -0.00433507 -0.00741181]\n",
      " [-0.00433507  0.0009436   0.00224409]\n",
      " [-0.00741181  0.00224409  0.00598453]]\n",
      "SN-31: μ = 41.015 ± 0.077, s = 0.947 ± 0.031\n",
      "\n",
      "Fitting SN-32...\n",
      "Fitting with Minuit\n",
      "Chi2 = 11.096739360659873\n",
      "ndf = 17\n",
      "Fitted values:\n",
      "[-4.08141052  1.21008934 43.76969083]\n",
      "Errors:\n",
      "[1.36482921 0.10426168 0.15544787]\n",
      "Covariance:\n",
      "[[ 1.86275877 -0.12697453 -0.15972731]\n",
      " [-0.12697453  0.0108705   0.01556046]\n",
      " [-0.15972731  0.01556046  0.02416404]]\n",
      "SN-32: μ = 43.770 ± 0.155, s = 1.210 ± 0.104\n",
      "\n",
      "Fitting SN-33...\n",
      "Fitting with Minuit\n",
      "Chi2 = 18.004584703000326\n",
      "ndf = 17\n",
      "Fitted values:\n",
      "[-0.05018914  0.94164687 43.20275472]\n",
      "Errors:\n",
      "[0.48666027 0.05161898 0.1021842 ]\n",
      "Covariance:\n",
      "[[ 0.23683822 -0.01800471 -0.02838256]\n",
      " [-0.01800471  0.00266452  0.00504764]\n",
      " [-0.02838256  0.00504764  0.01044161]]\n",
      "SN-33: μ = 43.203 ± 0.102, s = 0.942 ± 0.052\n",
      "\n",
      "Fitting SN-34...\n",
      "Fitting with Minuit\n",
      "Chi2 = 30.140271778162344\n",
      "ndf = 17\n",
      "Fitted values:\n",
      "[ 1.00516071  0.98639557 43.2418565 ]\n",
      "Errors:\n",
      "[0.43987747 0.05741582 0.11422345]\n",
      "Covariance:\n",
      "[[ 0.19349219 -0.01666219 -0.02799409]\n",
      " [-0.01666219  0.00329658  0.00637086]\n",
      " [-0.02799409  0.00637086  0.013047  ]]\n",
      "SN-34: μ = 43.242 ± 0.114, s = 0.986 ± 0.057\n",
      "\n",
      "Fitting SN-35...\n",
      "Fitting with Minuit\n",
      "Chi2 = 23.874868398254996\n",
      "ndf = 17\n",
      "Fitted values:\n",
      "[ 1.65966038  0.92848567 41.25983821]\n",
      "Errors:\n",
      "[0.2028685  0.02628968 0.07271937]\n",
      "Covariance:\n",
      "[[ 0.04115563 -0.00041993  0.00018521]\n",
      " [-0.00041993  0.00069115  0.00180846]\n",
      " [ 0.00018521  0.00180846  0.00528811]]\n",
      "SN-35: μ = 41.260 ± 0.073, s = 0.928 ± 0.026\n",
      "\n",
      "Fitting SN-36...\n",
      "Fitting with Minuit\n",
      "Chi2 = 19.57704473744992\n",
      "ndf = 17\n",
      "Fitted values:\n",
      "[ 1.09604985  0.99552183 43.50698122]\n",
      "Errors:\n",
      "[0.44690196 0.06001936 0.11767941]\n",
      "Covariance:\n",
      "[[ 0.19972136 -0.01817799 -0.03039557]\n",
      " [-0.01817799  0.00360232  0.0068654 ]\n",
      " [-0.03039557  0.0068654   0.01384844]]\n",
      "SN-36: μ = 43.507 ± 0.118, s = 0.996 ± 0.060\n",
      "\n",
      "Fitting SN-37...\n",
      "Fitting with Minuit\n",
      "Chi2 = 38.31152101513341\n",
      "ndf = 17\n",
      "Fitted values:\n",
      "[ 0.40812907  0.88572991 42.80196054]\n",
      "Errors:\n",
      "[0.38919403 0.04136368 0.09024754]\n",
      "Covariance:\n",
      "[[ 0.15147199 -0.0109453  -0.01877968]\n",
      " [-0.0109453   0.00171095  0.00355364]\n",
      " [-0.01877968  0.00355364  0.00814462]]\n",
      "SN-37: μ = 42.802 ± 0.090, s = 0.886 ± 0.041\n",
      "\n",
      "Fitting SN-38...\n",
      "Fitting with Minuit\n",
      "Chi2 = 25.800364159128648\n",
      "ndf = 17\n",
      "Fitted values:\n",
      "[1.79466750e-02 1.17750570e+00 4.37848159e+01]\n",
      "Errors:\n",
      "[0.72928043 0.09531558 0.16499597]\n",
      "Covariance:\n",
      "[[ 0.53184995 -0.05442926 -0.08493945]\n",
      " [-0.05442926  0.00908506  0.01547137]\n",
      " [-0.08493945  0.01547137  0.02722367]]\n",
      "SN-38: μ = 43.785 ± 0.165, s = 1.178 ± 0.095\n",
      "\n",
      "Fitting SN-39...\n",
      "Fitting with Minuit\n",
      "Chi2 = 23.31489729381775\n",
      "ndf = 17\n",
      "Fitted values:\n",
      "[-3.51467069  0.93047923 42.74417681]\n",
      "Errors:\n",
      "[0.66432655 0.04549753 0.0860603 ]\n",
      "Covariance:\n",
      "[[ 0.44132976 -0.02371767 -0.02633386]\n",
      " [-0.02371767  0.00207003  0.00345769]\n",
      " [-0.02633386  0.00345769  0.00740638]]\n",
      "SN-39: μ = 42.744 ± 0.086, s = 0.930 ± 0.045\n",
      "\n",
      "Fitting SN-40...\n",
      "Fitting with Minuit\n",
      "Chi2 = 12.43890467155987\n",
      "ndf = 17\n",
      "Fitted values:\n",
      "[-1.18224462  1.01163163 43.11799305]\n",
      "Errors:\n",
      "[0.63825383 0.05762053 0.10483636]\n",
      "Covariance:\n",
      "[[ 0.40736795 -0.02933075 -0.04172664]\n",
      " [-0.02933075  0.00332013  0.00572891]\n",
      " [-0.04172664  0.00572891  0.01099066]]\n",
      "SN-40: μ = 43.118 ± 0.105, s = 1.012 ± 0.058\n",
      "\n",
      "Fitting SN-41...\n",
      "Fitting with Minuit\n",
      "Chi2 = 15.600416146910124\n",
      "ndf = 17\n",
      "Fitted values:\n",
      "[ 0.06368139  0.99245689 42.14122354]\n",
      "Errors:\n",
      "[0.42909275 0.04493842 0.09570859]\n",
      "Covariance:\n",
