{
 "cells": [
  {
   "cell_type": "markdown",
   "id": "6a160a65",
   "metadata": {},
   "source": [
    "### Import libraries"
   ]
  },
  {
   "cell_type": "code",
   "execution_count": 65,
   "id": "34377da1",
   "metadata": {},
   "outputs": [],
   "source": [
    "from pylab import *\n",
    "import numpy as np\n",
    "from matplotlib import rc\n",
    "import os\n",
    "from scipy.interpolate import interp1d\n",
    "import pandas as pd  # For CSV export\n",
    "\n",
    "# Specific libraries\n",
    "import cosmolib as cs\n",
    "\n",
    "# Visuals\n",
    "rc('figure',figsize=(10,5))\n",
    "rc('font',size=12)\n",
    "rc('text',usetex=False)"
   ]
  },
  {
   "cell_type": "markdown",
   "id": "d28c9a8a",
   "metadata": {},
   "source": [
    "### IMINUIT"
   ]
  },
  {
   "cell_type": "code",
   "execution_count": 66,
   "id": "20ebf4e1",
   "metadata": {},
   "outputs": [
    {
     "name": "stdout",
     "output_type": "stream",
     "text": [
      "Fitting individual supernova lightcurves with intrinsic error σ_int = 0.120 mag...\n",
      "Fitting SN-0...\n",
      "Fitting with Minuit\n",
      "Chi2 = 10.818567951653234\n",
      "ndf = 17\n",
      "Fitted values:\n",
      "[-0.25736324  1.0398069  43.65314398]\n",
      "Errors:\n",
      "[0.73809052 0.08571505 0.15611946]\n",
      "Covariance:\n",
      "[[ 0.54477761 -0.04837963 -0.07531404]\n",
      " [-0.04837963  0.00734707  0.01301572]\n",
      " [-0.07531404  0.01301572  0.02437329]]\n",
      "SN-0: μ = 43.653 ± 0.156, s = 1.040 ± 0.086\n",
      "\n",
      "Fitting SN-1...\n",
      "Fitting with Minuit\n",
      "Chi2 = 11.654937729241652\n",
      "ndf = 17\n",
      "Fitted values:\n",
      "[ 3.14705141  0.93476756 41.935396  ]\n",
      "Errors:\n",
      "[0.21064693 0.02911105 0.08161884]\n",
      "Covariance:\n",
      "[[0.04437213 0.00183206 0.00513074]\n",
      " [0.00183206 0.00084745 0.00223909]\n",
      " [0.00513074 0.00223909 0.00666163]]\n",
      "SN-1: μ = 41.935 ± 0.082, s = 0.935 ± 0.029\n",
      "\n",
      "Fitting SN-2...\n",
      "Fitting with Minuit\n",
      "Chi2 = 11.010582473465991\n",
      "ndf = 17\n",
      "Fitted values:\n",
      "[-1.88115305  1.10565668 43.73120406]\n",
      "Errors:\n",
      "[1.05467438 0.10073104 0.1657745 ]\n",
      "Covariance:\n",
      "[[ 1.11233805 -0.09020827 -0.12581558]\n",
      " [-0.09020827  0.01014674  0.01613086]\n",
      " [-0.12581558  0.01613086  0.02748118]]\n",
      "SN-2: μ = 43.731 ± 0.166, s = 1.106 ± 0.101\n",
      "\n",
      "Fitting SN-3...\n",
      "Fitting with Minuit\n",
      "Chi2 = 15.50997835532485\n",
      "ndf = 17\n",
      "Fitted values:\n",
      "[-0.47069807  1.02882227 44.24843725]\n",
      "Errors:\n",
      "[0.94981024 0.10820169 0.18390956]\n",
      "Covariance:\n",
      "[[ 0.90213949 -0.08541485 -0.12956872]\n",
      " [-0.08541485  0.01170761  0.01944817]\n",
      " [-0.12956872  0.01944817  0.03382273]]\n",
      "SN-3: μ = 44.248 ± 0.184, s = 1.029 ± 0.108\n",
      "\n",
      "Fitting SN-4...\n",
      "Fitting with Minuit\n",
      "Chi2 = 23.623069372729095\n",
      "ndf = 17\n",
      "Fitted values:\n",
      "[ 0.62811421  1.00385746 39.94433026]\n",
      "Errors:\n",
      "[0.28968455 0.03263197 0.08719979]\n",
      "Covariance:\n",
      "[[ 0.08391714 -0.00242411 -0.00310626]\n",
      " [-0.00242411  0.00106485  0.00268293]\n",
      " [-0.00310626  0.00268293  0.0076038 ]]\n",
      "SN-4: μ = 39.944 ± 0.087, s = 1.004 ± 0.033\n",
      "\n",
      "Fitting SN-5...\n",
      "Fitting with Minuit\n",
      "Chi2 = 23.214247313611295\n",
      "ndf = 17\n",
      "Fitted values:\n",
      "[-1.56222419  0.94416966 41.39881186]\n",
      "Errors:\n",
      "[0.53468106 0.03903258 0.08843131]\n",
      "Covariance:\n",
      "[[ 0.28588384 -0.01458604 -0.02050762]\n",
      " [-0.01458604  0.00152354  0.00313688]\n",
      " [-0.02050762  0.00313688  0.0078201 ]]\n",
      "SN-5: μ = 41.399 ± 0.088, s = 0.944 ± 0.039\n",
      "\n",
      "Fitting SN-6...\n",
      "Fitting with Minuit\n",
      "Chi2 = 15.709059232241364\n",
      "ndf = 17\n",
      "Fitted values:\n",
      "[ 1.51900025  1.02678504 42.55637256]\n",
      "Errors:\n",
      "[0.36884951 0.0544922  0.11820098]\n",
      "Covariance:\n",
      "[[ 0.13604996 -0.00863739 -0.01468997]\n",
      " [-0.00863739  0.0029694   0.00623991]\n",
      " [-0.01468997  0.00623991  0.01397147]]\n",
      "SN-6: μ = 42.556 ± 0.118, s = 1.027 ± 0.054\n",
      "\n",
      "Fitting SN-7...\n",
      "Fitting with Minuit\n",
      "Chi2 = 13.616347285086164\n",
      "ndf = 17\n",
      "Fitted values:\n",
      "[-1.14293527  0.90246854 42.35981991]\n",
      "Errors:\n",
      "[0.51998723 0.04494632 0.09861954]\n",
      "Covariance:\n",
      "[[ 0.27038672 -0.01717657 -0.02672206]\n",
      " [-0.01717657  0.00202017  0.00411952]\n",
      " [-0.02672206  0.00411952  0.00972581]]\n",
      "SN-7: μ = 42.360 ± 0.099, s = 0.902 ± 0.045\n",
      "\n",
      "Fitting SN-8...\n",
      "Fitting with Minuit\n",
      "Chi2 = 12.413088889768517\n",
      "ndf = 17\n",
      "Fitted values:\n",
      "[ 1.7952106   0.98718985 42.49119432]\n",
      "Errors:\n",
      "[0.3500019  0.04924125 0.11027251]\n",
      "Covariance:\n",
      "[[ 0.12250133 -0.00721694 -0.0123097 ]\n",
      " [-0.00721694  0.0024247   0.00523493]\n",
      " [-0.0123097   0.00523493  0.01216003]]\n",
      "SN-8: μ = 42.491 ± 0.110, s = 0.987 ± 0.049\n",
      "\n",
      "Fitting SN-9...\n",
      "Fitting with Minuit\n",
      "Chi2 = 17.915760094096804\n",
      "ndf = 17\n",
      "Fitted values:\n",
      "[-1.6856653   0.89658336 42.73067848]\n",
      "Errors:\n",
      "[0.56918866 0.04748119 0.1001155 ]\n",
      "Covariance:\n",
      "[[ 0.32397573 -0.01977952 -0.02767905]\n",
      " [-0.01977952  0.00225446  0.00436796]\n",
      " [-0.02767905  0.00436796  0.01002311]]\n",
      "SN-9: μ = 42.731 ± 0.100, s = 0.897 ± 0.047\n",
      "\n",
      "Fitting SN-10...\n",
      "Fitting with Minuit\n",
      "Chi2 = 10.552063289907501\n",
      "ndf = 17\n",
      "Fitted values:\n",
      "[ 0.17110218  1.02863091 43.71301586]\n",
      "Errors:\n",
      "[0.67155543 0.0797821  0.14776125]\n",
      "Covariance:\n",
      "[[ 0.4509867  -0.04055465 -0.06471843]\n",
      " [-0.04055465  0.00636518  0.01145989]\n",
      " [-0.06471843  0.01145989  0.02183339]]\n",
      "SN-10: μ = 43.713 ± 0.148, s = 1.029 ± 0.080\n",
      "\n",
      "Fitting SN-11...\n",
      "Fitting with Minuit\n",
      "Chi2 = 15.532546877635871\n",
      "ndf = 17\n",
      "Fitted values:\n",
      "[ 0.69328337  0.93240614 43.75389224]\n",
      "Errors:\n",
      "[0.51852492 0.07083061 0.13992148]\n",
      "Covariance:\n",
      "[[ 0.26886809 -0.02532541 -0.04286951]\n",
      " [-0.02532541  0.00501698  0.00962466]\n",
      " [-0.04286951  0.00962466  0.01957802]]\n",
      "SN-11: μ = 43.754 ± 0.140, s = 0.932 ± 0.071\n",
      "\n",
      "Fitting SN-12...\n",
      "Fitting with Minuit\n",
      "Chi2 = 19.975892641209636\n",
      "ndf = 17\n",
      "Fitted values:\n",
      "[-1.44382251  1.08021126 42.96247987]\n",
      "Errors:\n",
      "[0.80817863 0.07163666 0.12889537]\n",
      "Covariance:\n",
      "[[ 0.6531527  -0.04662986 -0.06665638]\n",
      " [-0.04662986  0.00513181  0.00879496]\n",
      " [-0.06665638  0.00879496  0.01661402]]\n",
      "SN-12: μ = 42.962 ± 0.129, s = 1.080 ± 0.072\n",
      "\n",
      "Fitting SN-13...\n",
      "Fitting with Minuit\n",
      "Chi2 = 14.581431962408107\n",
      "ndf = 17\n",
      "Fitted values:\n",
      "[-2.04185629  1.04031757 43.17894089]\n",
      "Errors:\n",
      "[0.82188363 0.07347094 0.13268557]\n",
      "Covariance:\n",
      "[[ 0.6754927  -0.04847894 -0.0700986 ]\n",
      " [-0.04847894  0.00539798  0.00930693]\n",
      " [-0.0700986   0.00930693  0.01760546]]\n",
      "SN-13: μ = 43.179 ± 0.133, s = 1.040 ± 0.073\n",
      "\n",
      "Fitting SN-14...\n",
      "Fitting with Minuit\n",
      "Chi2 = 9.47435728992542\n",
      "ndf = 17\n",
      "Fitted values:\n",
      "[ 0.30763213  0.90222681 43.02058767]\n",
      "Errors:\n",
      "[0.47622229 0.05424652 0.11492611]\n",
      "Covariance:\n",
      "[[ 0.22678767 -0.01770126 -0.03010049]\n",
      " [-0.01770126  0.00294268  0.00597298]\n",
      " [-0.03010049  0.00597298  0.01320801]]\n",
      "SN-14: μ = 43.021 ± 0.115, s = 0.902 ± 0.054\n",
      "\n",
      "Fitting SN-15...\n",
      "Fitting with Minuit\n",
      "Chi2 = 23.623069372729095\n",
      "ndf = 17\n",
      "Fitted values:\n",
      "[ 0.62811421  1.00385746 39.94433026]\n",
      "Errors:\n",
      "[0.28968455 0.03263197 0.08719979]\n",
      "Covariance:\n",
      "[[ 0.08391714 -0.00242411 -0.00310626]\n",
      " [-0.00242411  0.00106485  0.00268293]\n",
      " [-0.00310626  0.00268293  0.0076038 ]]\n",
      "SN-4: μ = 39.944 ± 0.087, s = 1.004 ± 0.033\n",
      "\n",
      "Fitting SN-5...\n",
      "Fitting with Minuit\n",
      "Chi2 = 23.214247313611295\n",
      "ndf = 17\n",
      "Fitted values:\n",
      "[-1.56222419  0.94416966 41.39881186]\n",
      "Errors:\n",
      "[0.53468106 0.03903258 0.08843131]\n",
      "Covariance:\n",
      "[[ 0.28588384 -0.01458604 -0.02050762]\n",
      " [-0.01458604  0.00152354  0.00313688]\n",
      " [-0.02050762  0.00313688  0.0078201 ]]\n",
      "SN-5: μ = 41.399 ± 0.088, s = 0.944 ± 0.039\n",
      "\n",
      "Fitting SN-6...\n",
      "Fitting with Minuit\n",
      "Chi2 = 15.709059232241364\n",
      "ndf = 17\n",
      "Fitted values:\n",
      "[ 1.51900025  1.02678504 42.55637256]\n",
      "Errors:\n",
      "[0.36884951 0.0544922  0.11820098]\n",
      "Covariance:\n",
      "[[ 0.13604996 -0.00863739 -0.01468997]\n",
      " [-0.00863739  0.0029694   0.00623991]\n",
      " [-0.01468997  0.00623991  0.01397147]]\n",
      "SN-6: μ = 42.556 ± 0.118, s = 1.027 ± 0.054\n",
      "\n",
      "Fitting SN-7...\n",
      "Fitting with Minuit\n",
      "Chi2 = 13.616347285086164\n",
      "ndf = 17\n",
      "Fitted values:\n",
      "[-1.14293527  0.90246854 42.35981991]\n",
      "Errors:\n",
      "[0.51998723 0.04494632 0.09861954]\n",
      "Covariance:\n",
      "[[ 0.27038672 -0.01717657 -0.02672206]\n",
      " [-0.01717657  0.00202017  0.00411952]\n",
      " [-0.02672206  0.00411952  0.00972581]]\n",
      "SN-7: μ = 42.360 ± 0.099, s = 0.902 ± 0.045\n",
      "\n",
      "Fitting SN-8...\n",
      "Fitting with Minuit\n",
      "Chi2 = 12.413088889768517\n",
      "ndf = 17\n",
      "Fitted values:\n",
      "[ 1.7952106   0.98718985 42.49119432]\n",
      "Errors:\n",
      "[0.3500019  0.04924125 0.11027251]\n",
      "Covariance:\n",
      "[[ 0.12250133 -0.00721694 -0.0123097 ]\n",
      " [-0.00721694  0.0024247   0.00523493]\n",
      " [-0.0123097   0.00523493  0.01216003]]\n",
      "SN-8: μ = 42.491 ± 0.110, s = 0.987 ± 0.049\n",
      "\n",
      "Fitting SN-9...\n",
      "Fitting with Minuit\n",
      "Chi2 = 17.915760094096804\n",
      "ndf = 17\n",
      "Fitted values:\n",
      "[-1.6856653   0.89658336 42.73067848]\n",
      "Errors:\n",
      "[0.56918866 0.04748119 0.1001155 ]\n",
      "Covariance:\n",
      "[[ 0.32397573 -0.01977952 -0.02767905]\n",
      " [-0.01977952  0.00225446  0.00436796]\n",
      " [-0.02767905  0.00436796  0.01002311]]\n",
      "SN-9: μ = 42.731 ± 0.100, s = 0.897 ± 0.047\n",
      "\n",
      "Fitting SN-10...\n",
      "Fitting with Minuit\n",
      "Chi2 = 10.552063289907501\n",
      "ndf = 17\n",
      "Fitted values:\n",
      "[ 0.17110218  1.02863091 43.71301586]\n",
      "Errors:\n",
      "[0.67155543 0.0797821  0.14776125]\n",
      "Covariance:\n",
      "[[ 0.4509867  -0.04055465 -0.06471843]\n",
      " [-0.04055465  0.00636518  0.01145989]\n",
      " [-0.06471843  0.01145989  0.02183339]]\n",
      "SN-10: μ = 43.713 ± 0.148, s = 1.029 ± 0.080\n",
      "\n",
      "Fitting SN-11...\n",
      "Fitting with Minuit\n",
      "Chi2 = 15.532546877635871\n",
      "ndf = 17\n",
      "Fitted values:\n",
      "[ 0.69328337  0.93240614 43.75389224]\n",
      "Errors:\n",
      "[0.51852492 0.07083061 0.13992148]\n",
      "Covariance:\n",
      "[[ 0.26886809 -0.02532541 -0.04286951]\n",
      " [-0.02532541  0.00501698  0.00962466]\n",
      " [-0.04286951  0.00962466  0.01957802]]\n",
      "SN-11: μ = 43.754 ± 0.140, s = 0.932 ± 0.071\n",
      "\n",
      "Fitting SN-12...\n",
      "Fitting with Minuit\n",
      "Chi2 = 19.975892641209636\n",
      "ndf = 17\n",
      "Fitted values:\n",
      "[-1.44382251  1.08021126 42.96247987]\n",
      "Errors:\n",
      "[0.80817863 0.07163666 0.12889537]\n",
      "Covariance:\n",
      "[[ 0.6531527  -0.04662986 -0.06665638]\n",
      " [-0.04662986  0.00513181  0.00879496]\n",
      " [-0.06665638  0.00879496  0.01661402]]\n",
      "SN-12: μ = 42.962 ± 0.129, s = 1.080 ± 0.072\n",
      "\n",
      "Fitting SN-13...\n",
      "Fitting with Minuit\n",
      "Chi2 = 14.581431962408107\n",
      "ndf = 17\n",
      "Fitted values:\n",
      "[-2.04185629  1.04031757 43.17894089]\n",
      "Errors:\n",
      "[0.82188363 0.07347094 0.13268557]\n",
      "Covariance:\n",
      "[[ 0.6754927  -0.04847894 -0.0700986 ]\n",
      " [-0.04847894  0.00539798  0.00930693]\n",
      " [-0.0700986   0.00930693  0.01760546]]\n",
      "SN-13: μ = 43.179 ± 0.133, s = 1.040 ± 0.073\n",
      "\n",
      "Fitting SN-14...\n",
      "Fitting with Minuit\n",
      "Chi2 = 9.47435728992542\n",
      "ndf = 17\n",
      "Fitted values:\n",
      "[ 0.30763213  0.90222681 43.02058767]\n",
      "Errors:\n",
      "[0.47622229 0.05424652 0.11492611]\n",
      "Covariance:\n",
      "[[ 0.22678767 -0.01770126 -0.03010049]\n",
      " [-0.01770126  0.00294268  0.00597298]\n",
      " [-0.03010049  0.00597298  0.01320801]]\n",
      "SN-14: μ = 43.021 ± 0.115, s = 0.902 ± 0.054\n",
      "\n",
      "Fitting SN-15...\n",
      "Fitting with Minuit\n",
      "Chi2 = 16.215438302406234\n",
      "ndf = 17\n",
      "Fitted values:\n",
      "[-0.15739265  1.16324518 43.56250531]\n",
      "Errors:\n",
      "[0.09872921 0.00908933 0.0336616 ]\n",
      "Covariance:\n",
      "[[ 9.74745776e-03 -2.27464303e-05  3.51881457e-04]\n",
      " [-2.27464303e-05  8.26159690e-05  1.64301044e-04]\n",
      " [ 3.51881457e-04  1.64301044e-04  1.13310362e-03]]\n",
      "SN-15: μ = 43.563 ± 0.034, s = 1.163 ± 0.009\n",
      "\n",
      "Fitting SN-16...\n",
      "Fitting with Minuit\n",
      "Chi2 = 9.911221481033454\n",
      "ndf = 17\n",
      "Fitted values:\n",
      "[ 1.30370741  0.99710947 43.94621709]\n",
      "Errors:\n",
      "[0.55747188 0.07676074 0.14694861]\n",
      "Covariance:\n",
      "[[ 0.3107749  -0.02903039 -0.04842887]\n",
      " [-0.02903039  0.00589221  0.01099298]\n",
      " [-0.04842887  0.01099298  0.02159389]]\n",
      "SN-16: μ = 43.946 ± 0.147, s = 0.997 ± 0.077\n",
      "\n",
      "Fitting SN-17...\n",
      "Fitting with Minuit\n",
      "Chi2 = 21.62449299233378\n",
      "ndf = 17\n",
      "Fitted values:\n",
      "[-1.38353762  1.18526931 43.72289437]\n",
      "Errors:\n",
      "[1.00147541 0.10844328 0.18303063]\n",
      "Covariance:\n",
      "[[ 1.002953   -0.0911282  -0.13642816]\n",
      " [-0.0911282   0.01175995  0.01940933]\n",
      " [-0.13642816  0.01940933  0.03350021]]\n",
      "SN-17: μ = 43.723 ± 0.183, s = 1.185 ± 0.108\n",
      "\n",
      "Fitting SN-18...\n",
      "Fitting with Minuit\n",
      "Chi2 = 14.336339572955799\n",
      "ndf = 17\n",
      "Fitted values:\n",
      "[-0.43216157  0.93855659 43.73477741]\n",
      "Errors:\n",
      "[0.61659842 0.07055997 0.13563005]\n",
      "Covariance:\n",
      "[[ 0.38019361 -0.03282507 -0.05265092]\n",
      " [-0.03282507  0.00497871  0.0092226 ]\n",
      " [-0.05265092  0.0092226   0.01839551]]\n",
      "SN-18: μ = 43.735 ± 0.136, s = 0.939 ± 0.071\n",
      "\n",
      "Fitting SN-19...\n",
      "Fitting with Minuit\n",
      "Chi2 = 10.977520827271373\n",
      "ndf = 17\n",
      "Fitted values:\n",
      "[-1.33839887  0.94016207 43.7937545 ]\n",
      "Errors:\n",
      "[0.76857565 0.07515355 0.13634125]\n",
      "Covariance:\n",
      "[[ 0.59070854 -0.0463843  -0.06778028]\n",
      " [-0.0463843   0.00564806  0.00977122]\n",
      " [-0.06778028  0.00977122  0.01858894]]\n",
      "SN-19: μ = 43.794 ± 0.136, s = 0.940 ± 0.075\n",
      "\n",
      "Fitting SN-20...\n",
      "Fitting with Minuit\n",
      "Chi2 = 13.62637059333711\n",
      "ndf = 17\n",
      "Fitted values:\n",
      "[-2.8403899   1.01870684 42.1750105 ]\n",
      "Errors:\n",
      "[0.72844479 0.05514886 0.10802911]\n",
      "Covariance:\n",
      "[[ 0.53063181 -0.03067311 -0.04085439]\n",
      " [-0.03067311  0.0030414   0.00550095]\n",
      " [-0.04085439  0.00550095  0.01167029]]\n",
      "SN-20: μ = 42.175 ± 0.108, s = 1.019 ± 0.055\n",
      "\n",
      "Fitting SN-21...\n",
      "Fitting with Minuit\n",
      "Chi2 = 12.872716149403837\n",
      "ndf = 17\n",
      "Fitted values:\n",
      "[-2.3209874   1.0366353  42.85075794]\n",
      "Errors:\n",
      "[0.09295301 0.00431953 0.03029433]\n",
      "Covariance:\n",
      "[[ 8.64026252e-03 -6.47672955e-06  5.27275819e-04]\n",
      " [-6.47672955e-06  1.86583224e-05  4.33441978e-05]\n",
      " [ 5.27275819e-04  4.33441978e-05  9.17746146e-04]]\n",
      "SN-21: μ = 42.851 ± 0.030, s = 1.037 ± 0.004\n",
      "\n",
      "Fitting SN-22...\n",
      "Fitting with Minuit\n",
      "Chi2 = 19.561917000056667\n",
      "ndf = 17\n",
      "Fitted values:\n",
      "[ 0.58395379  0.97086018 42.77785013]\n",
      "Errors:\n",
      "[0.49755252 0.05565572 0.1164784 ]\n",
      "Covariance:\n",
      "[[ 0.24755851 -0.01869867 -0.03129983]\n",
      " [-0.01869867  0.00309756  0.00622323]\n",
      " [-0.03129983  0.00622323  0.01356722]]\n",
      "SN-22: μ = 42.778 ± 0.116, s = 0.971 ± 0.056\n",
      "\n",
      "Fitting SN-23...\n",
      "Fitting with Minuit\n",
      "Chi2 = 13.323900069347866\n",
      "ndf = 17\n",
      "Fitted values:\n",
      "[-1.14229517  1.11966372 43.21069693]\n",
      "Errors:\n",
      "[0.90244935 0.08657804 0.15044316]\n",
      "Covariance:\n",
      "[[ 0.81441483 -0.06496319 -0.09645199]\n",
      " [-0.06496319  0.00749576  0.01260649]\n",
      " [-0.09645199  0.01260649  0.02263315]]\n",
      "SN-23: μ = 43.211 ± 0.150, s = 1.120 ± 0.087\n",
      "\n",
      "Fitting SN-24...\n",
      "Fitting with Minuit\n",
      "Chi2 = 16.857979713733602\n",
      "ndf = 17\n",
      "Fitted values:\n",
      "[-1.09088608  0.91170144 42.09241309]\n",
      "Errors:\n",
      "[0.52555924 0.04455004 0.09852488]\n",
      "Covariance:\n",
      "[[ 0.27621251 -0.01662239 -0.02558141]\n",
      " [-0.01662239  0.00198471  0.00408417]\n",
      " [-0.02558141  0.00408417  0.00970715]]\n",
      "SN-24: μ = 42.092 ± 0.099, s = 0.912 ± 0.045\n",
      "\n",
      "Fitting SN-25...\n",
      "Fitting with Minuit\n",
      "Chi2 = 3.4747845262387846\n",
      "ndf = 17\n",
      "Fitted values:\n",
      "[ 2.15871263  0.96278082 43.85270138]\n",
      "Errors:\n",
      "[0.37102037 0.05733608 0.11954016]\n",
      "Covariance:\n",
      "[[ 0.13765612 -0.00828305 -0.0140884 ]\n",
      " [-0.00828305  0.00328743  0.00662775]\n",
      " [-0.0140884   0.00662775  0.01428985]]\n",
      "SN-25: μ = 43.853 ± 0.120, s = 0.963 ± 0.057\n",
      "\n",
      "Fitting SN-26...\n",
      "Fitting with Minuit\n",
      "Chi2 = 16.215438302406234\n",
      "ndf = 17\n",
      "Fitted values:\n",
      "[-0.15739265  1.16324518 43.56250531]\n",
      "Errors:\n",
      "[0.09872921 0.00908933 0.0336616 ]\n",
      "Covariance:\n",
      "[[ 9.74745776e-03 -2.27464303e-05  3.51881457e-04]\n",
      " [-2.27464303e-05  8.26159690e-05  1.64301044e-04]\n",
      " [ 3.51881457e-04  1.64301044e-04  1.13310362e-03]]\n",
      "SN-15: μ = 43.563 ± 0.034, s = 1.163 ± 0.009\n",
      "\n",
      "Fitting SN-16...\n",
      "Fitting with Minuit\n",
      "Chi2 = 9.911221481033454\n",
      "ndf = 17\n",
      "Fitted values:\n",
      "[ 1.30370741  0.99710947 43.94621709]\n",
      "Errors:\n",
      "[0.55747188 0.07676074 0.14694861]\n",
      "Covariance:\n",
      "[[ 0.3107749  -0.02903039 -0.04842887]\n",
      " [-0.02903039  0.00589221  0.01099298]\n",
      " [-0.04842887  0.01099298  0.02159389]]\n",
      "SN-16: μ = 43.946 ± 0.147, s = 0.997 ± 0.077\n",
      "\n",
      "Fitting SN-17...\n",
      "Fitting with Minuit\n",
      "Chi2 = 21.62449299233378\n",
      "ndf = 17\n",
      "Fitted values:\n",
      "[-1.38353762  1.18526931 43.72289437]\n",
      "Errors:\n",
      "[1.00147541 0.10844328 0.18303063]\n",
      "Covariance:\n",
      "[[ 1.002953   -0.0911282  -0.13642816]\n",
      " [-0.0911282   0.01175995  0.01940933]\n",
      " [-0.13642816  0.01940933  0.03350021]]\n",
      "SN-17: μ = 43.723 ± 0.183, s = 1.185 ± 0.108\n",
      "\n",
      "Fitting SN-18...\n",
      "Fitting with Minuit\n",
      "Chi2 = 14.336339572955799\n",
      "ndf = 17\n",
      "Fitted values:\n",
      "[-0.43216157  0.93855659 43.73477741]\n",
      "Errors:\n",
      "[0.61659842 0.07055997 0.13563005]\n",
      "Covariance:\n",
      "[[ 0.38019361 -0.03282507 -0.05265092]\n",
      " [-0.03282507  0.00497871  0.0092226 ]\n",
      " [-0.05265092  0.0092226   0.01839551]]\n",
      "SN-18: μ = 43.735 ± 0.136, s = 0.939 ± 0.071\n",
      "\n",
      "Fitting SN-19...\n",
      "Fitting with Minuit\n",
      "Chi2 = 10.977520827271373\n",
      "ndf = 17\n",
      "Fitted values:\n",
      "[-1.33839887  0.94016207 43.7937545 ]\n",
      "Errors:\n",
      "[0.76857565 0.07515355 0.13634125]\n",
      "Covariance:\n",
      "[[ 0.59070854 -0.0463843  -0.06778028]\n",
      " [-0.0463843   0.00564806  0.00977122]\n",
      " [-0.06778028  0.00977122  0.01858894]]\n",
      "SN-19: μ = 43.794 ± 0.136, s = 0.940 ± 0.075\n",
      "\n",
      "Fitting SN-20...\n",
      "Fitting with Minuit\n",
      "Chi2 = 13.62637059333711\n",
      "ndf = 17\n",
      "Fitted values:\n",
      "[-2.8403899   1.01870684 42.1750105 ]\n",
      "Errors:\n",
      "[0.72844479 0.05514886 0.10802911]\n",
      "Covariance:\n",
      "[[ 0.53063181 -0.03067311 -0.04085439]\n",
      " [-0.03067311  0.0030414   0.00550095]\n",
      " [-0.04085439  0.00550095  0.01167029]]\n",
      "SN-20: μ = 42.175 ± 0.108, s = 1.019 ± 0.055\n",
      "\n",
      "Fitting SN-21...\n",
      "Fitting with Minuit\n",
      "Chi2 = 12.872716149403837\n",
      "ndf = 17\n",
      "Fitted values:\n",
      "[-2.3209874   1.0366353  42.85075794]\n",
      "Errors:\n",
      "[0.09295301 0.00431953 0.03029433]\n",
      "Covariance:\n",
      "[[ 8.64026252e-03 -6.47672955e-06  5.27275819e-04]\n",
      " [-6.47672955e-06  1.86583224e-05  4.33441978e-05]\n",
      " [ 5.27275819e-04  4.33441978e-05  9.17746146e-04]]\n",
      "SN-21: μ = 42.851 ± 0.030, s = 1.037 ± 0.004\n",
      "\n",
      "Fitting SN-22...\n",
      "Fitting with Minuit\n",
      "Chi2 = 19.561917000056667\n",
      "ndf = 17\n",
      "Fitted values:\n",
      "[ 0.58395379  0.97086018 42.77785013]\n",
      "Errors:\n",
      "[0.49755252 0.05565572 0.1164784 ]\n",
      "Covariance:\n",
      "[[ 0.24755851 -0.01869867 -0.03129983]\n",
      " [-0.01869867  0.00309756  0.00622323]\n",
      " [-0.03129983  0.00622323  0.01356722]]\n",
      "SN-22: μ = 42.778 ± 0.116, s = 0.971 ± 0.056\n",
      "\n",
      "Fitting SN-23...\n",
      "Fitting with Minuit\n",
      "Chi2 = 13.323900069347866\n",
      "ndf = 17\n",
      "Fitted values:\n",
      "[-1.14229517  1.11966372 43.21069693]\n",
      "Errors:\n",
      "[0.90244935 0.08657804 0.15044316]\n",
      "Covariance:\n",
      "[[ 0.81441483 -0.06496319 -0.09645199]\n",
      " [-0.06496319  0.00749576  0.01260649]\n",
      " [-0.09645199  0.01260649  0.02263315]]\n",
      "SN-23: μ = 43.211 ± 0.150, s = 1.120 ± 0.087\n",
      "\n",
      "Fitting SN-24...\n",
      "Fitting with Minuit\n",
      "Chi2 = 16.857979713733602\n",
      "ndf = 17\n",
      "Fitted values:\n",
      "[-1.09088608  0.91170144 42.09241309]\n",
      "Errors:\n",
      "[0.52555924 0.04455004 0.09852488]\n",
      "Covariance:\n",
      "[[ 0.27621251 -0.01662239 -0.02558141]\n",
      " [-0.01662239  0.00198471  0.00408417]\n",
      " [-0.02558141  0.00408417  0.00970715]]\n",
      "SN-24: μ = 42.092 ± 0.099, s = 0.912 ± 0.045\n",
      "\n",
      "Fitting SN-25...\n",
      "Fitting with Minuit\n",
      "Chi2 = 3.4747845262387846\n",
      "ndf = 17\n",
      "Fitted values:\n",
      "[ 2.15871263  0.96278082 43.85270138]\n",
      "Errors:\n",
      "[0.37102037 0.05733608 0.11954016]\n",
      "Covariance:\n",
      "[[ 0.13765612 -0.00828305 -0.0140884 ]\n",
      " [-0.00828305  0.00328743  0.00662775]\n",
      " [-0.0140884   0.00662775  0.01428985]]\n",
      "SN-25: μ = 43.853 ± 0.120, s = 0.963 ± 0.057\n",
      "\n",
      "Fitting SN-26...\n",
      "Fitting with Minuit\n",
      "Chi2 = 16.147873786735563\n",
      "ndf = 17\n",
      "Fitted values:\n",
      "[ 1.50953687  1.01756451 43.13740475]\n",
      "Errors:\n",
      "[0.13127178 0.01637112 0.0474741 ]\n",
      "Covariance:\n",
      "[[0.01723228 0.00176048 0.0042994 ]\n",
      " [0.00176048 0.00026801 0.00062747]\n",
      " [0.0042994  0.00062747 0.00225379]]\n",
      "SN-26: μ = 43.137 ± 0.047, s = 1.018 ± 0.016\n",
      "\n",
      "Fitting SN-27...\n",
      "Fitting with Minuit\n",
      "Chi2 = 10.14403433305849\n",
      "ndf = 17\n",
      "Fitted values:\n",
      "[ 1.68655795  1.09243891 42.58415077]\n",
      "Errors:\n",
      "[0.05257602 0.01344844 0.03972968]\n",
      "Covariance:\n",
      "[[ 2.76423782e-03 -1.49649195e-05  5.08513644e-05]\n",
      " [-1.49649195e-05  1.80860447e-04  3.87185066e-04]\n",
      " [ 5.08513644e-05  3.87185066e-04  1.57844764e-03]]\n",
      "SN-27: μ = 42.584 ± 0.040, s = 1.092 ± 0.013\n",
      "\n",
      "Fitting SN-28...\n",
      "Fitting with Minuit\n",
      "Chi2 = 17.202003412390194\n",
      "ndf = 17\n",
      "Fitted values:\n",
      "[ 1.68072385  0.98813761 43.49696629]\n",
      "Errors:\n",
      "[0.01690215 0.01405995 0.04076367]\n",
      "Covariance:\n",
      "[[2.85682687e-04 3.14809468e-05 7.23825079e-05]\n",
      " [3.14809468e-05 1.97682112e-04 4.08547772e-04]\n",
      " [7.23825079e-05 4.08547772e-04 1.66167648e-03]]\n",
      "SN-28: μ = 43.497 ± 0.041, s = 0.988 ± 0.014\n",
      "\n",
      "Fitting SN-29...\n",
      "Fitting with Minuit\n",
      "Chi2 = 9.242763714996164\n",
      "ndf = 17\n",
      "Fitted values:\n",
      "[ 2.28481224  0.96969821 43.7305005 ]\n",
      "Errors:\n",
      "[0.36778303 0.05588067 0.1171047 ]\n",
      "Covariance:\n",
      "[[ 0.13526436 -0.0079957  -0.0135499 ]\n",
      " [-0.0079957   0.00312265  0.00632444]\n",
      " [-0.0135499   0.00632444  0.01371351]]\n",
      "SN-29: μ = 43.731 ± 0.117, s = 0.970 ± 0.056\n",
      "\n",
      "Fitting SN-30...\n",
      "Fitting with Minuit\n",
      "Chi2 = 15.470687235918998\n",
      "ndf = 17\n",
      "Fitted values:\n",
      "[ 2.80284619  1.05985002 43.66515211]\n",
      "Errors:\n",
      "[0.37890167 0.06187251 0.12592588]\n",
      "Covariance:\n",
      "[[ 0.14356647 -0.00872952 -0.01494915]\n",
      " [-0.00872952  0.00382821  0.00757972]\n",
      " [-0.01494915  0.00757972  0.01585733]]\n",
      "SN-30: μ = 43.665 ± 0.126, s = 1.060 ± 0.062\n",
      "\n",
      "Fitting SN-31...\n",
      "Fitting with Minuit\n",
      "Chi2 = 11.200779280600468\n",
      "ndf = 17\n",
      "Fitted values:\n",
      "[ 0.72341467  0.94751512 41.0150055 ]\n",
      "Errors:\n",
      "[0.34391814 0.03670351 0.0924823 ]\n",
      "Covariance:\n",
      "[[ 0.11827969 -0.00620392 -0.01060552]\n",
      " [-0.00620392  0.00134715  0.00320535]\n",
      " [-0.01060552  0.00320535  0.00855298]]\n",
      "SN-31: μ = 41.015 ± 0.092, s = 0.948 ± 0.037\n",
      "\n",
      "Fitting SN-32...\n",
      "Fitting with Minuit\n",
      "Chi2 = 8.260717459335469\n",
      "ndf = 17\n",
      "Fitted values:\n",
      "[-4.07820825  1.20919531 43.7681399 ]\n",
      "Errors:\n",
      "[0.10546344 0.02061803 0.05260746]\n",
      "Covariance:\n",
      "[[ 0.01112254 -0.00010669  0.00042893]\n",
      " [-0.00010669  0.0004251   0.00089737]\n",
      " [ 0.00042893  0.00089737  0.00276755]]\n",
      "SN-32: μ = 43.768 ± 0.053, s = 1.209 ± 0.021\n",
      "\n",
      "Fitting SN-33...\n",
      "Fitting with Minuit\n",
      "Chi2 = 13.313041771580075\n",
      "ndf = 17\n",
      "Fitted values:\n",
      "[-0.08465907  0.93200547 43.18043036]\n",
      "Errors:\n",
      "[0.56993722 0.05853101 0.11686553]\n",
      "Covariance:\n",
      "[[ 0.32482844 -0.0248507  -0.03951862]\n",
      " [-0.0248507   0.00342588  0.00652266]\n",
      " [-0.03951862  0.00652266  0.01365755]]\n",
      "SN-33: μ = 43.180 ± 0.117, s = 0.932 ± 0.059\n",
      "\n",
      "Fitting SN-34...\n",
      "Fitting with Minuit\n",
      "Chi2 = 21.696693445604563\n",
      "ndf = 17\n",
      "Fitted values:\n",
      "[ 0.99694788  0.98839819 43.2463296 ]\n",
      "Errors:\n",
      "[0.52159263 0.06767772 0.13480971]\n",
      "Covariance:\n",
      "[[ 0.27205887 -0.0234385  -0.03936505]\n",
      " [-0.0234385   0.00458027  0.00886148]\n",
      " [-0.03936505  0.00886148  0.01817366]]\n",
      "SN-34: μ = 43.246 ± 0.135, s = 0.988 ± 0.068\n",
      "\n",
      "Fitting SN-35...\n",
      "Fitting with Minuit\n",
      "Chi2 = 16.75288479451435\n",
      "ndf = 17\n",
      "Fitted values:\n",
      "[ 1.6575233   0.92848708 41.25973526]\n",
      "Errors:\n",
      "[0.24238296 0.03139418 0.08691343]\n",
      "Covariance:\n",
      "[[ 0.0587495  -0.00061161  0.00024099]\n",
      " [-0.00061161  0.00098559  0.00258119]\n",
      " [ 0.00024099  0.00258119  0.00755394]]\n",
      "SN-35: μ = 41.260 ± 0.087, s = 0.928 ± 0.031\n",
      "\n",
      "Fitting SN-36...\n",
      "Fitting with Minuit\n",
      "Chi2 = 14.288984523457062\n",
      "ndf = 17\n",
      "Fitted values:\n",
      "[ 1.09082004  0.99633018 43.50916453]\n",
      "Errors:\n",
      "[0.52698002 0.07024976 0.13804423]\n",
      "Covariance:\n",
      "[[ 0.27770794 -0.02527797 -0.04227843]\n",
      " [-0.02527797  0.00493503  0.00942366]\n",
      " [-0.04227843  0.00942366  0.01905621]]\n",
      "SN-36: μ = 43.509 ± 0.138, s = 0.996 ± 0.070\n",
      "\n",
      "Fitting SN-37...\n",
      "Fitting with Minuit\n",
      "Chi2 = 27.690977590063223\n",
      "ndf = 17\n",
      "Fitted values:\n",
      "[ 0.40317468  0.88503622 42.80135696]\n",
      "Errors:\n",
      "[0.46172649 0.04834207 0.10593329]\n",
      "Covariance:\n",
      "[[ 0.21319135 -0.01528338 -0.02618785]\n",
      " [-0.01528338  0.00233696  0.00486919]\n",
      " [-0.02618785  0.00486919  0.01122186]]\n",
      "SN-37: μ = 42.801 ± 0.106, s = 0.885 ± 0.048\n",
      "\n",
      "Fitting SN-38...\n",
      "Chi2 = 16.147873786735563\n",
      "ndf = 17\n",
      "Fitted values:\n",
      "[ 1.50953687  1.01756451 43.13740475]\n",
      "Errors:\n",
      "[0.13127178 0.01637112 0.0474741 ]\n",
      "Covariance:\n",
      "[[0.01723228 0.00176048 0.0042994 ]\n",
      " [0.00176048 0.00026801 0.00062747]\n",
      " [0.0042994  0.00062747 0.00225379]]\n",
      "SN-26: μ = 43.137 ± 0.047, s = 1.018 ± 0.016\n",
      "\n",
      "Fitting SN-27...\n",
      "Fitting with Minuit\n",
      "Chi2 = 10.14403433305849\n",
      "ndf = 17\n",
      "Fitted values:\n",
      "[ 1.68655795  1.09243891 42.58415077]\n",
      "Errors:\n",
      "[0.05257602 0.01344844 0.03972968]\n",
      "Covariance:\n",
      "[[ 2.76423782e-03 -1.49649195e-05  5.08513644e-05]\n",
      " [-1.49649195e-05  1.80860447e-04  3.87185066e-04]\n",
      " [ 5.08513644e-05  3.87185066e-04  1.57844764e-03]]\n",
      "SN-27: μ = 42.584 ± 0.040, s = 1.092 ± 0.013\n",
      "\n",
      "Fitting SN-28...\n",
      "Fitting with Minuit\n",
      "Chi2 = 17.202003412390194\n",
      "ndf = 17\n",
      "Fitted values:\n",
      "[ 1.68072385  0.98813761 43.49696629]\n",
      "Errors:\n",
      "[0.01690215 0.01405995 0.04076367]\n",
      "Covariance:\n",
      "[[2.85682687e-04 3.14809468e-05 7.23825079e-05]\n",
      " [3.14809468e-05 1.97682112e-04 4.08547772e-04]\n",
      " [7.23825079e-05 4.08547772e-04 1.66167648e-03]]\n",
      "SN-28: μ = 43.497 ± 0.041, s = 0.988 ± 0.014\n",
      "\n",
      "Fitting SN-29...\n",
      "Fitting with Minuit\n",
      "Chi2 = 9.242763714996164\n",
      "ndf = 17\n",
      "Fitted values:\n",
      "[ 2.28481224  0.96969821 43.7305005 ]\n",
      "Errors:\n",
      "[0.36778303 0.05588067 0.1171047 ]\n",
      "Covariance:\n",
      "[[ 0.13526436 -0.0079957  -0.0135499 ]\n",
      " [-0.0079957   0.00312265  0.00632444]\n",
      " [-0.0135499   0.00632444  0.01371351]]\n",
      "SN-29: μ = 43.731 ± 0.117, s = 0.970 ± 0.056\n",
      "\n",
      "Fitting SN-30...\n",
      "Fitting with Minuit\n",
      "Chi2 = 15.470687235918998\n",
      "ndf = 17\n",
      "Fitted values:\n",
      "[ 2.80284619  1.05985002 43.66515211]\n",
      "Errors:\n",
      "[0.37890167 0.06187251 0.12592588]\n",
      "Covariance:\n",
      "[[ 0.14356647 -0.00872952 -0.01494915]\n",
      " [-0.00872952  0.00382821  0.00757972]\n",
      " [-0.01494915  0.00757972  0.01585733]]\n",
      "SN-30: μ = 43.665 ± 0.126, s = 1.060 ± 0.062\n",
      "\n",
      "Fitting SN-31...\n",
      "Fitting with Minuit\n",
      "Chi2 = 11.200779280600468\n",
      "ndf = 17\n",
      "Fitted values:\n",
      "[ 0.72341467  0.94751512 41.0150055 ]\n",
      "Errors:\n",
      "[0.34391814 0.03670351 0.0924823 ]\n",
      "Covariance:\n",
      "[[ 0.11827969 -0.00620392 -0.01060552]\n",
      " [-0.00620392  0.00134715  0.00320535]\n",
      " [-0.01060552  0.00320535  0.00855298]]\n",
      "SN-31: μ = 41.015 ± 0.092, s = 0.948 ± 0.037\n",
      "\n",
      "Fitting SN-32...\n",
      "Fitting with Minuit\n",
      "Chi2 = 8.260717459335469\n",
      "ndf = 17\n",
      "Fitted values:\n",
      "[-4.07820825  1.20919531 43.7681399 ]\n",
      "Errors:\n",
      "[0.10546344 0.02061803 0.05260746]\n",
      "Covariance:\n",
      "[[ 0.01112254 -0.00010669  0.00042893]\n",
      " [-0.00010669  0.0004251   0.00089737]\n",
      " [ 0.00042893  0.00089737  0.00276755]]\n",
      "SN-32: μ = 43.768 ± 0.053, s = 1.209 ± 0.021\n",
      "\n",
      "Fitting SN-33...\n",
      "Fitting with Minuit\n",
      "Chi2 = 13.313041771580075\n",
      "ndf = 17\n",
      "Fitted values:\n",
      "[-0.08465907  0.93200547 43.18043036]\n",
      "Errors:\n",
      "[0.56993722 0.05853101 0.11686553]\n",
      "Covariance:\n",
      "[[ 0.32482844 -0.0248507  -0.03951862]\n",
      " [-0.0248507   0.00342588  0.00652266]\n",
      " [-0.03951862  0.00652266  0.01365755]]\n",
      "SN-33: μ = 43.180 ± 0.117, s = 0.932 ± 0.059\n",
      "\n",
      "Fitting SN-34...\n",
      "Fitting with Minuit\n",
      "Chi2 = 21.696693445604563\n",
      "ndf = 17\n",
      "Fitted values:\n",
      "[ 0.99694788  0.98839819 43.2463296 ]\n",
      "Errors:\n",
      "[0.52159263 0.06767772 0.13480971]\n",
      "Covariance:\n",
      "[[ 0.27205887 -0.0234385  -0.03936505]\n",
      " [-0.0234385   0.00458027  0.00886148]\n",
      " [-0.03936505  0.00886148  0.01817366]]\n",
      "SN-34: μ = 43.246 ± 0.135, s = 0.988 ± 0.068\n",
      "\n",
      "Fitting SN-35...\n",
      "Fitting with Minuit\n",
      "Chi2 = 16.75288479451435\n",
      "ndf = 17\n",
      "Fitted values:\n",
      "[ 1.6575233   0.92848708 41.25973526]\n",
      "Errors:\n",
      "[0.24238296 0.03139418 0.08691343]\n",
      "Covariance:\n",
      "[[ 0.0587495  -0.00061161  0.00024099]\n",
      " [-0.00061161  0.00098559  0.00258119]\n",
      " [ 0.00024099  0.00258119  0.00755394]]\n",
      "SN-35: μ = 41.260 ± 0.087, s = 0.928 ± 0.031\n",
      "\n",
      "Fitting SN-36...\n",
      "Fitting with Minuit\n",
      "Chi2 = 14.288984523457062\n",
      "ndf = 17\n",
      "Fitted values:\n",
      "[ 1.09082004  0.99633018 43.50916453]\n",
      "Errors:\n",
      "[0.52698002 0.07024976 0.13804423]\n",
      "Covariance:\n",
      "[[ 0.27770794 -0.02527797 -0.04227843]\n",
      " [-0.02527797  0.00493503  0.00942366]\n",
      " [-0.04227843  0.00942366  0.01905621]]\n",
      "SN-36: μ = 43.509 ± 0.138, s = 0.996 ± 0.070\n",
      "\n",
      "Fitting SN-37...\n",
      "Fitting with Minuit\n",
      "Chi2 = 27.690977590063223\n",
      "ndf = 17\n",
      "Fitted values:\n",
      "[ 0.40317468  0.88503622 42.80135696]\n",
      "Errors:\n",
      "[0.46172649 0.04834207 0.10593329]\n",
      "Covariance:\n",
      "[[ 0.21319135 -0.01528338 -0.02618785]\n",
      " [-0.01528338  0.00233696  0.00486919]\n",
      " [-0.02618785  0.00486919  0.01122186]]\n",
      "SN-37: μ = 42.801 ± 0.106, s = 0.885 ± 0.048\n",
      "\n",
      "Fitting SN-38...\n",
      "Fitting with Minuit\n",
      "Chi2 = 18.690420290476826\n",
      "ndf = 17\n",
      "Fitted values:\n",
      "[1.55585898e-02 1.17675304e+00 4.37841239e+01]\n",
      "Errors:\n",
      "[0.86018862 0.11134595 0.19292899]\n",
      "Covariance:\n",
      "[[ 0.73992447 -0.07524469 -0.11733812]\n",
      " [-0.07524469  0.01239792  0.02112576]\n",
      " [-0.11733812  0.02112576  0.0372216 ]]\n",
      "SN-38: μ = 43.784 ± 0.193, s = 1.177 ± 0.111\n",
      "\n",
      "Fitting SN-39...\n",
      "Fitting with Minuit\n",
      "Chi2 = 17.40423025684918\n",
      "ndf = 17\n",
      "Fitted values:\n",
      "[-3.51306823  0.92882871 42.74090425]\n",
      "Errors:\n",
      "[0.7818493  0.05259714 0.10034104]\n",
      "Covariance:\n",
      "[[ 0.61128833 -0.03219589 -0.03511004]\n",
      " [-0.03219589  0.00276646  0.00463293]\n",
      " [-0.03511004  0.00463293  0.01006833]]\n",
      "SN-39: μ = 42.741 ± 0.100, s = 0.929 ± 0.053\n",
      "\n",
      "Fitting SN-40...\n",
      "Fitting with Minuit\n",
      "Chi2 = 9.03542840105808\n",
      "ndf = 17\n",
      "Fitted values:\n",
      "[-1.18887387  1.0121286  43.11887076]\n",
      "Errors:\n",
      "[0.75535084 0.06749532 0.12308035]\n",
      "Covariance:\n",
      "[[ 0.57055489 -0.0407197  -0.05775451]\n",
      " [-0.0407197   0.00455562  0.00786803]\n",
      " [-0.05775451  0.00786803  0.01514877]]\n",
      "SN-40: μ = 43.119 ± 0.123, s = 1.012 ± 0.067\n",
      "\n",
      "Fitting SN-41...\n",
      "Fitting with Minuit\n",
      "Chi2 = 11.055763561372455\n",
      "ndf = 17\n",
      "Fitted values:\n",
      "[ 0.06267665  0.99260245 42.14154201]\n",
      "Errors:\n",
      "[0.51210222 0.05341244 0.11388544]\n",
      "Covariance:\n",
      "[[ 0.26224868 -0.01897838 -0.03217723]\n",
      " [-0.01897838  0.00285289  0.00582742]\n",
      " [-0.03217723  0.00582742  0.01296989]]\n",
      "SN-41: μ = 42.142 ± 0.114, s = 0.993 ± 0.053\n",
      "\n",
      "Fitting SN-42...\n",
      "Fitting with Minuit\n",
      "Chi2 = 16.71291354719023\n",
      "ndf = 17\n",
      "Fitted values:\n",
      "[-1.3152903   1.01983029 43.80930676]\n",
      "Errors:\n",
      "[0.0739796  0.01387733 0.04218396]\n",
      "Covariance:\n",
      "[[ 5.47298085e-03 -3.49827931e-05  2.26669097e-04]\n",
      " [-3.49827931e-05  1.92580372e-04  4.10145889e-04]\n",
      " [ 2.26669097e-04  4.10145889e-04  1.77948608e-03]]\n",
      "SN-42: μ = 43.809 ± 0.042, s = 1.020 ± 0.014\n",
      "\n",
      "Fitting SN-43...\n",
      "Fitting with Minuit\n",
      "Chi2 = 8.482882002167194\n",
      "ndf = 17\n",
      "Fitted values:\n",
      "[ 1.1787098   1.10585653 43.33900052]\n",
      "Errors:\n",
      "[0.59958478 0.07868897 0.14846411]\n",
      "Covariance:\n",
      "[[ 0.35950191 -0.0335431  -0.05583654]\n",
      " [-0.0335431   0.00619195  0.01141927]\n",
