{
 "cells": [
  {
   "cell_type": "markdown",
   "id": "789e7a21",
   "metadata": {},
   "source": [
    "### CSV Export\n",
    "This section exports the supernova fitting results to a CSV file for further analysis."
   ]
  },
  {
   "cell_type": "markdown",
   "id": "6a160a65",
   "metadata": {},
   "source": [
    "### Import libraries"
   ]
  },
  {
   "cell_type": "code",
   "execution_count": null,
   "id": "34377da1",
   "metadata": {},
   "outputs": [],
   "source": [
    "from pylab import *\n",
    "import numpy as np\n",
    "from matplotlib import rc\n",
    "import os\n",
    "from scipy.interpolate import interp1d\n",
    "import pandas as pd  # For CSV export\n",
    "\n",
    "# Specific libraries\n",
    "import cosmolib as cs\n",
    "\n",
    "# Visuals\n",
    "rc('figure',figsize=(10,5))\n",
    "rc('font',size=12)\n",
    "rc('text',usetex=False)"
   ]
  },
  {
   "cell_type": "markdown",
   "id": "d28c9a8a",
   "metadata": {},
   "source": [
    "### IMINUIT"
   ]
  },
  {
   "cell_type": "code",
   "execution_count": 19,
   "id": "20ebf4e1",
   "metadata": {},
   "outputs": [
    {
     "name": "stdout",
     "output_type": "stream",
     "text": [
      "Fitting individual supernova lightcurves with intrinsic error σ_int = 0.100 mag...\n",
      "Fitting SN-0...\n",
      "Fitting with Minuit\n",
      "Chi2 = 14.632415587969982\n",
      "ndf = 17\n",
      "Fitted values:\n",
      "[-0.2542516   1.04050709 43.65420524]\n",
      "Errors:\n",
      "[0.6284105  0.07409146 0.1346167 ]\n",
      "Covariance:\n",
      "[[ 0.39489975 -0.03545847 -0.05530375]\n",
      " [-0.03545847  0.00548954  0.00971009]\n",
      " [-0.05530375  0.00971009  0.01812166]]\n",
      "SN-0: μ = 43.654 ± 0.135, s = 1.041 ± 0.074\n",
      "\n",
      "Fitting SN-1...\n",
      "Fitting with Minuit\n",
      "Chi2 = 16.445185500737185\n",
      "ndf = 17\n",
      "Fitted values:\n",
      "[ 3.14839241  0.93501919 41.93577425]\n",
      "Errors:\n",
      "[0.17706431 0.02447327 0.06845718]\n",
      "Covariance:\n",
      "[[0.03135177 0.00129676 0.00361793]\n",
      " [0.00129676 0.00059894 0.00157877]\n",
      " [0.00361793 0.00157877 0.00468638]]\n",
      "SN-1: μ = 41.936 ± 0.068, s = 0.935 ± 0.024\n",
      "\n",
      "Fitting SN-2...\n",
      "Fitting with Minuit\n",
      "Chi2 = 14.945948179444782\n",
      "ndf = 17\n",
      "Fitted values:\n",
      "[-1.89054274  1.10804065 43.73460468]\n",
      "Errors:\n",
      "[0.28306963 0.05167101 0.10419365]\n",
      "Covariance:\n",
      "[[ 0.08012842 -0.00656963 -0.00918835]\n",
      " [-0.00656963  0.00266989  0.00517815]\n",
      " [-0.00918835  0.00517815  0.01085632]]\n",
      "SN-2: μ = 43.735 ± 0.104, s = 1.108 ± 0.052\n",
      "\n",
      "Fitting SN-3...\n",
      "Fitting with Minuit\n",
      "Chi2 = 20.475689314565628\n",
      "ndf = 17\n",
      "Fitted values:\n",
      "[-0.45034697  1.02525202 44.24115986]\n",
      "Errors:\n",
      "[0.82275286 0.09497204 0.16132203]\n",
      "Covariance:\n",
      "[[ 0.67692227 -0.06455892 -0.09811093]\n",
      " [-0.06455892  0.00901969  0.01498375]\n",
      " [-0.09811093  0.01498375  0.0260248 ]]\n",
      "SN-3: μ = 44.241 ± 0.161, s = 1.025 ± 0.095\n",
      "\n",
      "Fitting SN-4...\n",
      "Fitting with Minuit\n",
      "Chi2 = 33.81267603515689\n",
      "ndf = 17\n",
      "Fitted values:\n",
      "[ 0.62937696  1.00418953 39.9450791 ]\n",
      "Errors:\n",
      "[0.24207902 0.02730124 0.07291647]\n",
      "Covariance:\n",
      "[[ 0.05860225 -0.00169116 -0.00216554]\n",
      " [-0.00169116  0.00074536  0.00187718]\n",
      " [-0.00216554  0.00187718  0.00531681]]\n",
      "SN-4: μ = 39.945 ± 0.073, s = 1.004 ± 0.027\n",
      "\n",
      "Fitting SN-5...\n",
      "Fitting with Minuit\n",
      "Chi2 = 33.0774500354889\n",
      "ndf = 17\n",
      "Fitted values:\n",
      "[-1.56043905  0.94391599 41.39817754]\n",
      "Errors:\n",
      "[0.44733395 0.03278958 0.07419905]\n",
      "Covariance:\n",
      "[[ 0.20010767 -0.0102437  -0.01443244]\n",
      " [-0.0102437   0.00107516  0.00221257]\n",
      " [-0.01443244  0.00221257  0.0055055 ]]\n",
      "SN-5: μ = 41.398 ± 0.074, s = 0.944 ± 0.033\n",
      "\n",
      "Fitting SN-6...\n",
      "Fitting with Minuit\n",
      "Chi2 = 22.137314212894534\n",
      "ndf = 17\n",
      "Fitted values:\n",
      "[ 1.52021815  1.02714425 42.55682809]\n",
      "Errors:\n",
      "[0.30962544 0.04589202 0.09940108]\n",
      "Covariance:\n",
      "[[ 0.09586791 -0.00606532 -0.01031315]\n",
      " [-0.00606532  0.00210608  0.00441981]\n",
      " [-0.01031315  0.00441981  0.00988058]]\n",
      "SN-6: μ = 42.557 ± 0.099, s = 1.027 ± 0.046\n",
      "\n",
      "Fitting SN-7...\n",
      "Fitting with Minuit\n",
      "Chi2 = 19.060301242334738\n",
      "ndf = 17\n",
      "Fitted values:\n",
      "[-1.1270519   0.90037559 42.35591697]\n",
      "Errors:\n",
      "[0.43587307 0.03795601 0.083128  ]\n",
      "Covariance:\n",
      "[[ 0.18998533 -0.01213637 -0.01892201]\n",
      " [-0.01213637  0.00144066  0.0029345 ]\n",
      " [-0.01892201  0.0029345   0.00691026]]\n",
      "SN-7: μ = 42.356 ± 0.083, s = 0.900 ± 0.038\n",
      "\n",
      "Fitting SN-8...\n",
      "Fitting with Minuit\n",
      "Chi2 = 17.585899439337773\n",
      "ndf = 17\n",
      "Fitted values:\n",
      "[ 1.79714502  0.98775946 42.49228947]\n",
      "Errors:\n",
      "[0.29396596 0.04153331 0.09283269]\n",
      "Covariance:\n",
      "[[ 0.08641598 -0.00506855 -0.00864004]\n",
      " [-0.00506855  0.00172502  0.00371794]\n",
      " [-0.00864004  0.00371794  0.00861791]]\n",
      "SN-8: μ = 42.492 ± 0.093, s = 0.988 ± 0.042\n",
      "\n",
      "Fitting SN-9...\n",
      "Fitting with Minuit\n",
      "Chi2 = 24.837791956435254\n",
      "ndf = 17\n",
      "Fitted values:\n",
      "[-1.67511671  0.89742968 42.73331561]\n",
      "Errors:\n",
      "[0.47637929 0.04074827 0.08562678]\n",
      "Covariance:\n",
      "[[ 0.22693723 -0.01415782 -0.01992847]\n",
      " [-0.01415782  0.00166042  0.00321418]\n",
      " [-0.01992847  0.00321418  0.00733195]]\n",
      "SN-9: μ = 42.733 ± 0.086, s = 0.897 ± 0.041\n",
      "\n",
      "Fitting SN-10...\n",
      "Fitting with Minuit\n",
      "Chi2 = 14.38058796244249\n",
      "ndf = 17\n",
      "Fitted values:\n",
      "[ 0.18260006  1.02638645 43.70850705]\n",
      "Errors:\n",
      "[0.57079981 0.06834758 0.12638694]\n",
      "Covariance:\n",
      "[[ 0.32581242 -0.02934196 -0.04684196]\n",
      " [-0.02934196  0.00467139  0.00840014]\n",
      " [-0.04684196  0.00840014  0.01597366]]\n",
      "SN-10: μ = 43.709 ± 0.126, s = 1.026 ± 0.068\n",
      "\n",
      "Fitting SN-11...\n",
      "Fitting with Minuit\n",
      "Chi2 = 20.85333419266041\n",
      "ndf = 17\n",
      "Fitted values:\n",
      "[ 0.73789865  0.94153638 43.77368076]\n",
      "Errors:\n",
      "[0.15843389 0.03136716 0.07400321]\n",
      "Covariance:\n",
      "[[0.0251013  0.00432058 0.00977352]\n",
      " [0.00432058 0.0009839  0.00217576]\n",
      " [0.00977352 0.00217576 0.00547648]]\n",
      "SN-11: μ = 43.774 ± 0.074, s = 0.942 ± 0.031\n",
      "\n",
      "Fitting SN-12...\n",
      "Fitting with Minuit\n",
      "Chi2 = 27.972354232332034\n",
      "ndf = 17\n",
      "Fitted values:\n",
      "[-1.4641642   1.08285452 42.9665038 ]\n",
      "Errors:\n",
      "[0.68378447 0.06119238 0.10980826]\n",
      "Covariance:\n",
      "[[ 0.46756121 -0.03371176 -0.04835548]\n",
      " [-0.03371176  0.00374451  0.00640947]\n",
      " [-0.04835548  0.00640947  0.01205785]]\n",
      "SN-12: μ = 42.967 ± 0.110, s = 1.083 ± 0.061\n",
      "\n",
      "Fitting SN-13...\n",
      "Fitting with Minuit\n",
      "Chi2 = 19.86891078875274\n",
      "ndf = 17\n",
      "Fitted values:\n",
      "[-2.03771608  1.04212308 43.18215481]\n",
      "Errors:\n",
      "[0.07028491 0.02115923 0.05468583]\n",
      "Covariance:\n",
      "[[0.00493997 0.00093114 0.00232241]\n",
      " [0.00093114 0.00044771 0.0010371 ]\n",
      " [0.00232241 0.0010371  0.00299054]]\n",
      "SN-13: μ = 43.182 ± 0.055, s = 1.042 ± 0.021\n",
      "\n",
      "Fitting SN-14...\n",
      "Fitting with Minuit\n",
      "Chi2 = 12.876676392037401\n",
      "ndf = 17\n",
      "Fitted values:\n",
      "[ 0.30652874  0.90317124 43.02219825]\n",
      "Errors:\n",
      "[0.40272656 0.0465403  0.09817766]\n",
      "Covariance:\n",
      "[[ 0.16218868 -0.01276515 -0.02173483]\n",
      " [-0.01276515  0.002166    0.00438241]\n",
      " [-0.02173483  0.00438241  0.00963885]]\n",
      "SN-14: μ = 43.022 ± 0.098, s = 0.903 ± 0.047\n",
      "\n",
      "Fitting SN-15...\n",
      "Fitting with Minuit\n",
      "Chi2 = 22.404752100433416\n",
      "ndf = 17\n",
      "Fitted values:\n",
      "[-0.14938081  1.1626082  43.5610767 ]\n",
      "Errors:\n",
      "[0.72709564 0.0837569  0.14616985]\n",
      "Covariance:\n",
      "[[ 0.52866807 -0.04938335 -0.07717994]\n",
      " [-0.04938335  0.00701522  0.01199392]\n",
      " [-0.07717994  0.01199392  0.02136562]]\n",
      "SN-15: μ = 43.561 ± 0.146, s = 1.163 ± 0.084\n",
      "\n",
      "Fitting SN-16...\n",
      "Fitting with Minuit\n",
      "Chi2 = 13.313525661233873\n",
      "ndf = 17\n",
      "Fitted values:\n",
      "[ 1.30546374  0.99648611 43.94390528]\n",
      "Errors:\n",
      "[0.47962811 0.06668076 0.1272636 ]\n",
      "Covariance:\n",
      "[[ 0.23004312 -0.02145861 -0.03579541]\n",
      " [-0.02145861  0.00444632  0.00827394]\n",
      " [-0.03579541  0.00827394  0.01619602]]\n",
      "SN-16: μ = 43.944 ± 0.127, s = 0.996 ± 0.067\n",
      "\n",
      "Fitting SN-17...\n",
      "Fitting with Minuit\n",
      "Chi2 = 24.837791956435254\n",
      "ndf = 17\n",
      "Fitted values:\n",
      "[-1.67511671  0.89742968 42.73331561]\n",
      "Errors:\n",
      "[0.47637929 0.04074827 0.08562678]\n",
      "Covariance:\n",
      "[[ 0.22693723 -0.01415782 -0.01992847]\n",
      " [-0.01415782  0.00166042  0.00321418]\n",
      " [-0.01992847  0.00321418  0.00733195]]\n",
      "SN-9: μ = 42.733 ± 0.086, s = 0.897 ± 0.041\n",
      "\n",
      "Fitting SN-10...\n",
      "Fitting with Minuit\n",
      "Chi2 = 14.38058796244249\n",
      "ndf = 17\n",
      "Fitted values:\n",
      "[ 0.18260006  1.02638645 43.70850705]\n",
      "Errors:\n",
      "[0.57079981 0.06834758 0.12638694]\n",
      "Covariance:\n",
      "[[ 0.32581242 -0.02934196 -0.04684196]\n",
      " [-0.02934196  0.00467139  0.00840014]\n",
      " [-0.04684196  0.00840014  0.01597366]]\n",
      "SN-10: μ = 43.709 ± 0.126, s = 1.026 ± 0.068\n",
      "\n",
      "Fitting SN-11...\n",
      "Fitting with Minuit\n",
      "Chi2 = 20.85333419266041\n",
      "ndf = 17\n",
      "Fitted values:\n",
      "[ 0.73789865  0.94153638 43.77368076]\n",
      "Errors:\n",
      "[0.15843389 0.03136716 0.07400321]\n",
      "Covariance:\n",
      "[[0.0251013  0.00432058 0.00977352]\n",
      " [0.00432058 0.0009839  0.00217576]\n",
      " [0.00977352 0.00217576 0.00547648]]\n",
      "SN-11: μ = 43.774 ± 0.074, s = 0.942 ± 0.031\n",
      "\n",
      "Fitting SN-12...\n",
      "Fitting with Minuit\n",
      "Chi2 = 27.972354232332034\n",
      "ndf = 17\n",
      "Fitted values:\n",
      "[-1.4641642   1.08285452 42.9665038 ]\n",
      "Errors:\n",
      "[0.68378447 0.06119238 0.10980826]\n",
      "Covariance:\n",
      "[[ 0.46756121 -0.03371176 -0.04835548]\n",
      " [-0.03371176  0.00374451  0.00640947]\n",
      " [-0.04835548  0.00640947  0.01205785]]\n",
      "SN-12: μ = 42.967 ± 0.110, s = 1.083 ± 0.061\n",
      "\n",
      "Fitting SN-13...\n",
      "Fitting with Minuit\n",
      "Chi2 = 19.86891078875274\n",
      "ndf = 17\n",
      "Fitted values:\n",
      "[-2.03771608  1.04212308 43.18215481]\n",
      "Errors:\n",
      "[0.07028491 0.02115923 0.05468583]\n",
      "Covariance:\n",
      "[[0.00493997 0.00093114 0.00232241]\n",
      " [0.00093114 0.00044771 0.0010371 ]\n",
      " [0.00232241 0.0010371  0.00299054]]\n",
      "SN-13: μ = 43.182 ± 0.055, s = 1.042 ± 0.021\n",
      "\n",
      "Fitting SN-14...\n",
      "Fitting with Minuit\n",
      "Chi2 = 12.876676392037401\n",
      "ndf = 17\n",
      "Fitted values:\n",
      "[ 0.30652874  0.90317124 43.02219825]\n",
      "Errors:\n",
      "[0.40272656 0.0465403  0.09817766]\n",
      "Covariance:\n",
      "[[ 0.16218868 -0.01276515 -0.02173483]\n",
      " [-0.01276515  0.002166    0.00438241]\n",
      " [-0.02173483  0.00438241  0.00963885]]\n",
      "SN-14: μ = 43.022 ± 0.098, s = 0.903 ± 0.047\n",
      "\n",
      "Fitting SN-15...\n",
      "Fitting with Minuit\n",
      "Chi2 = 22.404752100433416\n",
      "ndf = 17\n",
      "Fitted values:\n",
      "[-0.14938081  1.1626082  43.5610767 ]\n",
      "Errors:\n",
      "[0.72709564 0.0837569  0.14616985]\n",
      "Covariance:\n",
      "[[ 0.52866807 -0.04938335 -0.07717994]\n",
      " [-0.04938335  0.00701522  0.01199392]\n",
      " [-0.07717994  0.01199392  0.02136562]]\n",
      "SN-15: μ = 43.561 ± 0.146, s = 1.163 ± 0.084\n",
      "\n",
      "Fitting SN-16...\n",
      "Fitting with Minuit\n",
      "Chi2 = 13.313525661233873\n",
      "ndf = 17\n",
      "Fitted values:\n",
      "[ 1.30546374  0.99648611 43.94390528]\n",
      "Errors:\n",
      "[0.47962811 0.06668076 0.1272636 ]\n",
      "Covariance:\n",
      "[[ 0.23004312 -0.02145861 -0.03579541]\n",
      " [-0.02145861  0.00444632  0.00827394]\n",
      " [-0.03579541  0.00827394  0.01619602]]\n",
      "SN-16: μ = 43.944 ± 0.127, s = 0.996 ± 0.067\n",
      "\n",
      "Fitting SN-17...\n",
      "Fitting with Minuit\n",
      "Chi2 = 30.178290613300216\n",
      "ndf = 17\n",
      "Fitted values:\n",
      "[-1.39842477  1.18700745 43.72488065]\n",
      "Errors:\n",
      "[1.74830689 0.05864857 0.00587388]\n",
      "Covariance:\n",
      "[[ 3.05657698e+00 -1.02427334e-01 -3.41391895e-03]\n",
      " [-1.02427334e-01  3.43965433e-03  1.15160450e-04]\n",
      " [-3.41391895e-03  1.15160450e-04  3.45024975e-05]]\n",
      "SN-17: μ = 43.725 ± 0.006, s = 1.187 ± 0.059\n",
      "\n",
      "Fitting SN-18...\n",
      "Fitting with Minuit\n",
      "Chi2 = 18.963276391594103\n",
      "ndf = 17\n",
      "Fitted values:\n",
      "[-0.4384937   0.94172459 43.73989006]\n",
      "Errors:\n",
      "[0.53006842 0.06196031 0.11847283]\n",
      "Covariance:\n",
      "[[ 0.28097253 -0.02459967 -0.03953978]\n",
      " [-0.02459967  0.00383908  0.00708626]\n",
      " [-0.03953978  0.00708626  0.01403581]]\n",
      "SN-18: μ = 43.740 ± 0.118, s = 0.942 ± 0.062\n",
      "\n",
      "Fitting SN-19...\n",
      "Fitting with Minuit\n",
      "Chi2 = 15.033246472864512\n",
      "ndf = 17\n",
      "Fitted values:\n",
      "[-0.70957924  0.89656878 43.73273607]\n",
      "Errors:\n",
      "[0.57114321 0.06146669 0.11702595]\n",
      "Covariance:\n",
      "[[ 0.32620457 -0.02780626 -0.04461551]\n",
      " [-0.02780626  0.00377815  0.00691565]\n",
      " [-0.04461551  0.00691565  0.01369507]]\n",
      "SN-19: μ = 43.733 ± 0.117, s = 0.897 ± 0.061\n",
      "\n",
      "Fitting SN-20...\n",
      "Fitting with Minuit\n",
      "Chi2 = 19.314089319166943\n",
      "ndf = 17\n",
      "Fitted values:\n",
      "[-2.84080838  1.01891767 42.17532175]\n",
      "Errors:\n",
      "[0.05888038 0.03025861 0.07777846]\n",
      "Covariance:\n",
      "[[ 0.0034669  -0.00020158 -0.00026928]\n",
      " [-0.00020158  0.00091558  0.00224419]\n",
      " [-0.00026928  0.00224419  0.00604949]]\n",
      "SN-20: μ = 42.175 ± 0.078, s = 1.019 ± 0.030\n",
      "\n",
      "Fitting SN-21...\n",
      "Fitting with Minuit\n",
      "Chi2 = 18.169311547770775\n",
      "ndf = 17\n",
      "Fitted values:\n",
      "[-2.32985666  1.03758443 42.85189105]\n",
      "Errors:\n",
      "[0.64158506 0.05209521 0.09723447]\n",
      "Covariance:\n",
      "[[ 0.41163139 -0.02561948 -0.03412995]\n",
      " [-0.02561948  0.00271391  0.00472941]\n",
      " [-0.03412995  0.00472941  0.00945454]]\n",
      "SN-21: μ = 42.852 ± 0.097, s = 1.038 ± 0.052\n",
      "\n",
      "Fitting SN-22...\n",
      "Fitting with Minuit\n",
      "Chi2 = 27.41591426318481\n",
      "ndf = 17\n",
      "Fitted values:\n",
      "[ 0.71514522  0.94075025 42.71334538]\n",
      "Errors:\n",
      "[0.30173606 0.03706682 0.08543875]\n",
      "Covariance:\n",
      "[[ 0.09104465 -0.00577124 -0.00959026]\n",
      " [-0.00577124  0.00137395  0.00301301]\n",
      " [-0.00959026  0.00301301  0.00729978]]\n",
      "SN-22: μ = 42.713 ± 0.085, s = 0.941 ± 0.037\n",
      "\n",
      "Fitting SN-23...\n",
      "Fitting with Minuit\n",
      "Chi2 = 18.60940805469174\n",
      "ndf = 17\n",
      "Fitted values:\n",
      "[-1.15626754  1.12165211 43.21372278]\n",
      "Errors:\n",
      "[0.76371133 0.07383168 0.12807668]\n",
      "Covariance:\n",
      "[[ 0.583255   -0.04686476 -0.06969887]\n",
      " [-0.04686476  0.00545112  0.00915968]\n",
      " [-0.06969887  0.00915968  0.01640364]]\n",
      "SN-23: μ = 43.214 ± 0.128, s = 1.122 ± 0.074\n",
      "\n",
      "Fitting SN-24...\n",
      "Fitting with Minuit\n",
      "Chi2 = 23.843122360106214\n",
      "ndf = 17\n",
      "Fitted values:\n",
      "[-1.0882573   0.91109426 42.09088264]\n",
      "Errors:\n",
      "[0.44079901 0.03763308 0.08302805]\n",
      "Covariance:\n",
      "[[ 0.19430377 -0.01176775 -0.01815743]\n",
      " [-0.01176775  0.00141625  0.00290992]\n",
      " [-0.01815743  0.00290992  0.00689366]]\n",
      "SN-24: μ = 42.091 ± 0.083, s = 0.911 ± 0.038\n",
      "\n",
      "Fitting SN-25...\n",
      "Fitting with Minuit\n",
      "Chi2 = 4.5591768255558\n",
      "ndf = 17\n",
      "Fitted values:\n",
      "[ 2.16272405  0.96367489 43.8543554 ]\n",
      "Errors:\n",
      "[0.32066892 0.04996408 0.1035785 ]\n",
      "Covariance:\n",
      "[[ 0.10282855 -0.00601018 -0.01019999]\n",
      " [-0.00601018  0.00249641  0.00500718]\n",
      " [-0.01019999  0.00500718  0.01072851]]\n",
      "SN-25: μ = 43.854 ± 0.104, s = 0.964 ± 0.050\n",
      "\n",
      "Fitting SN-26...\n",
      "Fitting with Minuit\n",
      "Chi2 = 30.178290613300216\n",
      "ndf = 17\n",
      "Fitted values:\n",
      "[-1.39842477  1.18700745 43.72488065]\n",
      "Errors:\n",
      "[1.74830689 0.05864857 0.00587388]\n",
      "Covariance:\n",
      "[[ 3.05657698e+00 -1.02427334e-01 -3.41391895e-03]\n",
      " [-1.02427334e-01  3.43965433e-03  1.15160450e-04]\n",
      " [-3.41391895e-03  1.15160450e-04  3.45024975e-05]]\n",
      "SN-17: μ = 43.725 ± 0.006, s = 1.187 ± 0.059\n",
      "\n",
      "Fitting SN-18...\n",
      "Fitting with Minuit\n",
      "Chi2 = 18.963276391594103\n",
      "ndf = 17\n",
      "Fitted values:\n",
      "[-0.4384937   0.94172459 43.73989006]\n",
      "Errors:\n",
      "[0.53006842 0.06196031 0.11847283]\n",
      "Covariance:\n",
      "[[ 0.28097253 -0.02459967 -0.03953978]\n",
      " [-0.02459967  0.00383908  0.00708626]\n",
      " [-0.03953978  0.00708626  0.01403581]]\n",
      "SN-18: μ = 43.740 ± 0.118, s = 0.942 ± 0.062\n",
      "\n",
      "Fitting SN-19...\n",
      "Fitting with Minuit\n",
      "Chi2 = 15.033246472864512\n",
      "ndf = 17\n",
      "Fitted values:\n",
      "[-0.70957924  0.89656878 43.73273607]\n",
      "Errors:\n",
      "[0.57114321 0.06146669 0.11702595]\n",
      "Covariance:\n",
      "[[ 0.32620457 -0.02780626 -0.04461551]\n",
      " [-0.02780626  0.00377815  0.00691565]\n",
      " [-0.04461551  0.00691565  0.01369507]]\n",
      "SN-19: μ = 43.733 ± 0.117, s = 0.897 ± 0.061\n",
      "\n",
      "Fitting SN-20...\n",
      "Fitting with Minuit\n",
      "Chi2 = 19.314089319166943\n",
      "ndf = 17\n",
      "Fitted values:\n",
      "[-2.84080838  1.01891767 42.17532175]\n",
      "Errors:\n",
      "[0.05888038 0.03025861 0.07777846]\n",
      "Covariance:\n",
      "[[ 0.0034669  -0.00020158 -0.00026928]\n",
      " [-0.00020158  0.00091558  0.00224419]\n",
      " [-0.00026928  0.00224419  0.00604949]]\n",
      "SN-20: μ = 42.175 ± 0.078, s = 1.019 ± 0.030\n",
      "\n",
      "Fitting SN-21...\n",
      "Fitting with Minuit\n",
      "Chi2 = 18.169311547770775\n",
      "ndf = 17\n",
      "Fitted values:\n",
      "[-2.32985666  1.03758443 42.85189105]\n",
      "Errors:\n",
      "[0.64158506 0.05209521 0.09723447]\n",
      "Covariance:\n",
      "[[ 0.41163139 -0.02561948 -0.03412995]\n",
      " [-0.02561948  0.00271391  0.00472941]\n",
      " [-0.03412995  0.00472941  0.00945454]]\n",
      "SN-21: μ = 42.852 ± 0.097, s = 1.038 ± 0.052\n",
      "\n",
      "Fitting SN-22...\n",
      "Fitting with Minuit\n",
      "Chi2 = 27.41591426318481\n",
      "ndf = 17\n",
      "Fitted values:\n",
      "[ 0.71514522  0.94075025 42.71334538]\n",
      "Errors:\n",
      "[0.30173606 0.03706682 0.08543875]\n",
      "Covariance:\n",
      "[[ 0.09104465 -0.00577124 -0.00959026]\n",
      " [-0.00577124  0.00137395  0.00301301]\n",
      " [-0.00959026  0.00301301  0.00729978]]\n",
      "SN-22: μ = 42.713 ± 0.085, s = 0.941 ± 0.037\n",
      "\n",
      "Fitting SN-23...\n",
      "Fitting with Minuit\n",
      "Chi2 = 18.60940805469174\n",
      "ndf = 17\n",
      "Fitted values:\n",
      "[-1.15626754  1.12165211 43.21372278]\n",
      "Errors:\n",
      "[0.76371133 0.07383168 0.12807668]\n",
      "Covariance:\n",
      "[[ 0.583255   -0.04686476 -0.06969887]\n",
      " [-0.04686476  0.00545112  0.00915968]\n",
      " [-0.06969887  0.00915968  0.01640364]]\n",
      "SN-23: μ = 43.214 ± 0.128, s = 1.122 ± 0.074\n",
      "\n",
      "Fitting SN-24...\n",
      "Fitting with Minuit\n",
      "Chi2 = 23.843122360106214\n",
      "ndf = 17\n",
      "Fitted values:\n",
      "[-1.0882573   0.91109426 42.09088264]\n",
      "Errors:\n",
      "[0.44079901 0.03763308 0.08302805]\n",
      "Covariance:\n",
      "[[ 0.19430377 -0.01176775 -0.01815743]\n",
      " [-0.01176775  0.00141625  0.00290992]\n",
      " [-0.01815743  0.00290992  0.00689366]]\n",
      "SN-24: μ = 42.091 ± 0.083, s = 0.911 ± 0.038\n",
      "\n",
      "Fitting SN-25...\n",
      "Fitting with Minuit\n",
      "Chi2 = 4.5591768255558\n",
      "ndf = 17\n",
      "Fitted values:\n",
      "[ 2.16272405  0.96367489 43.8543554 ]\n",
      "Errors:\n",
      "[0.32066892 0.04996408 0.1035785 ]\n",
      "Covariance:\n",
      "[[ 0.10282855 -0.00601018 -0.01019999]\n",
      " [-0.00601018  0.00249641  0.00500718]\n",
      " [-0.01019999  0.00500718  0.01072851]]\n",
      "SN-25: μ = 43.854 ± 0.104, s = 0.964 ± 0.050\n",
      "\n",
      "Fitting SN-26...\n",
      "Fitting with Minuit\n",
      "Chi2 = 22.65571544732002\n",
      "ndf = 17\n",
      "Fitted values:\n",
      "[ 1.511503    1.01784128 43.13729556]\n",
      "Errors:\n",
      "[0.31403162 0.00755784 0.02984543]\n",
      "Covariance:\n",
      "[[ 9.86158605e-02 -2.98444178e-04  2.78123047e-03]\n",
      " [-2.98444178e-04  5.71209469e-05  1.11078188e-04]\n",
      " [ 2.78123047e-03  1.11078188e-04  8.90749509e-04]]\n",
      "SN-26: μ = 43.137 ± 0.030, s = 1.018 ± 0.008\n",
      "\n",
      "Fitting SN-27...\n",
      "Fitting with Minuit\n",
      "Chi2 = 14.391047405234318\n",
      "ndf = 17\n",
      "Fitted values:\n",
      "[ 1.68573897  1.09266808 42.58448275]\n",
      "Errors:\n",
      "[0.29579271 0.01134212 0.03367123]\n",
      "Covariance:\n",
      "[[ 0.08749333 -0.0004658   0.00160005]\n",
      " [-0.0004658   0.00012864  0.00026141]\n",
      " [ 0.00160005  0.00026141  0.00113375]]\n",
      "SN-27: μ = 42.584 ± 0.034, s = 1.093 ± 0.011\n",
      "\n",
      "Fitting SN-28...\n",
      "Fitting with Minuit\n",
      "Chi2 = 23.565321277012416\n",
      "ndf = 17\n",
      "Fitted values:\n",
      "[ 1.6917518   0.98978606 43.4990941 ]\n",
      "Errors:\n",
      "[0.43561771 0.01629112 0.00153904]\n",
      "Covariance:\n",
      "[[ 1.89762793e-01 -7.08958431e-03 -3.59826715e-05]\n",
      " [-7.08958431e-03  2.65400723e-04  1.34865118e-06]\n",
      " [-3.59826715e-05  1.34865118e-06  2.36862926e-06]]\n",
      "SN-28: μ = 43.499 ± 0.002, s = 0.990 ± 0.016\n",
      "\n",
      "Fitting SN-29...\n",
      "Fitting with Minuit\n",
      "Chi2 = 12.267734728417597\n",
      "ndf = 17\n",
      "Fitted values:\n",
      "[ 2.28885062  0.97033641 43.73164503]\n",
      "Errors:\n",
      "[0.31655    0.04841756 0.10094521]\n",
      "Covariance:\n",
      "[[ 0.1002039  -0.005779   -0.00977353]\n",
      " [-0.005779    0.00234426  0.00472599]\n",
      " [-0.00977353  0.00472599  0.01018993]]\n",
      "SN-29: μ = 43.732 ± 0.101, s = 0.970 ± 0.048\n",
      "\n",
      "Fitting SN-30...\n",
      "Fitting with Minuit\n",
      "Chi2 = 21.263766413131183\n",
      "ndf = 17\n",
      "Fitted values:\n",
      "[ 2.80785827  1.06207199 43.66895361]\n",
      "Errors:\n",
      "[0.32355664 0.05336207 0.10814927]\n",
      "Covariance:\n",
      "[[ 0.1046889  -0.00622143 -0.01062584]\n",
      " [-0.00622143  0.00284751  0.00561744]\n",
      " [-0.01062584  0.00561744  0.01169626]]\n",
      "SN-30: μ = 43.669 ± 0.108, s = 1.062 ± 0.053\n",
      "\n",
      "Fitting SN-31...\n",
      "Fitting with Minuit\n",
      "Chi2 = 16.008350113406927\n",
      "ndf = 17\n",
      "Fitted values:\n",
      "[ 0.72367206  0.94740569 41.0146547 ]\n",
      "Errors:\n",
      "[0.28749692 0.03071808 0.07736138]\n",
      "Covariance:\n",
      "[[ 0.08265448 -0.00433404 -0.00740963]\n",
      " [-0.00433404  0.0009436   0.00224414]\n",
      " [-0.00740963  0.00224414  0.00598478]]\n",
      "SN-31: μ = 41.015 ± 0.077, s = 0.947 ± 0.031\n",
      "\n",
      "Fitting SN-32...\n",
      "Fitting with Minuit\n",
      "Chi2 = 11.09671114192514\n",
      "ndf = 17\n",
      "Fitted values:\n",
      "[-4.081591    1.21013236 43.76986933]\n",
      "Errors:\n",
      "[0.08616812 0.01719007 0.04398597]\n",
      "Covariance:\n",
      "[[ 7.42494511e-03 -6.71121877e-05  2.89315747e-04]\n",
      " [-6.71121877e-05  2.95498412e-04  6.19312317e-04]\n",
      " [ 2.89315747e-04  6.19312317e-04  1.93476555e-03]]\n",
      "SN-32: μ = 43.770 ± 0.044, s = 1.210 ± 0.017\n",
      "\n",
      "Fitting SN-33...\n",
      "Fitting with Minuit\n",
      "Chi2 = 18.00459562238681\n",
      "ndf = 17\n",
      "Fitted values:\n",
      "[-0.05165074  0.94171253 43.2027956 ]\n",
      "Errors:\n",
      "[0.48681735 0.05163383 0.10220665]\n",
      "Covariance:\n",
      "[[ 0.23699113 -0.01802001 -0.0284095 ]\n",
      " [-0.01802001  0.00266605  0.00505031]\n",
      " [-0.0284095   0.00505031  0.0104462 ]]\n",
      "SN-33: μ = 43.203 ± 0.102, s = 0.942 ± 0.052\n",
      "\n",
      "Fitting SN-34...\n",
      "Fitting with Minuit\n",
      "Chi2 = 30.14029638089722\n",
      "ndf = 17\n",
      "Fitted values:\n",
      "[ 1.00688999  0.98638198 43.24195021]\n",
      "Errors:\n",
      "[0.43972797 0.05740575 0.11420795]\n",
      "Covariance:\n",
      "[[ 0.19336069 -0.01664656 -0.02796496]\n",
      " [-0.01664656  0.00329542  0.00636883]\n",
      " [-0.02796496  0.00636883  0.01304346]]\n",
      "SN-34: μ = 43.242 ± 0.114, s = 0.986 ± 0.057\n",
      "\n",
      "Fitting SN-35...\n",
      "Fitting with Minuit\n",
      "Chi2 = 22.65571544732002\n",
      "ndf = 17\n",
      "Fitted values:\n",
      "[ 1.511503    1.01784128 43.13729556]\n",
      "Errors:\n",
      "[0.31403162 0.00755784 0.02984543]\n",
      "Covariance:\n",
      "[[ 9.86158605e-02 -2.98444178e-04  2.78123047e-03]\n",
      " [-2.98444178e-04  5.71209469e-05  1.11078188e-04]\n",
      " [ 2.78123047e-03  1.11078188e-04  8.90749509e-04]]\n",
      "SN-26: μ = 43.137 ± 0.030, s = 1.018 ± 0.008\n",
      "\n",
      "Fitting SN-27...\n",
      "Fitting with Minuit\n",
      "Chi2 = 14.391047405234318\n",
      "ndf = 17\n",
      "Fitted values:\n",
      "[ 1.68573897  1.09266808 42.58448275]\n",
      "Errors:\n",
      "[0.29579271 0.01134212 0.03367123]\n",
      "Covariance:\n",
      "[[ 0.08749333 -0.0004658   0.00160005]\n",
      " [-0.0004658   0.00012864  0.00026141]\n",
      " [ 0.00160005  0.00026141  0.00113375]]\n",
      "SN-27: μ = 42.584 ± 0.034, s = 1.093 ± 0.011\n",
      "\n",
      "Fitting SN-28...\n",
      "Fitting with Minuit\n",
      "Chi2 = 23.565321277012416\n",
      "ndf = 17\n",
      "Fitted values:\n",
      "[ 1.6917518   0.98978606 43.4990941 ]\n",
      "Errors:\n",
      "[0.43561771 0.01629112 0.00153904]\n",
      "Covariance:\n",
      "[[ 1.89762793e-01 -7.08958431e-03 -3.59826715e-05]\n",
      " [-7.08958431e-03  2.65400723e-04  1.34865118e-06]\n",
      " [-3.59826715e-05  1.34865118e-06  2.36862926e-06]]\n",
      "SN-28: μ = 43.499 ± 0.002, s = 0.990 ± 0.016\n",
      "\n",
      "Fitting SN-29...\n",
      "Fitting with Minuit\n",
      "Chi2 = 12.267734728417597\n",
      "ndf = 17\n",
      "Fitted values:\n",
      "[ 2.28885062  0.97033641 43.73164503]\n",
      "Errors:\n",
      "[0.31655    0.04841756 0.10094521]\n",
      "Covariance:\n",
      "[[ 0.1002039  -0.005779   -0.00977353]\n",
      " [-0.005779    0.00234426  0.00472599]\n",
      " [-0.00977353  0.00472599  0.01018993]]\n",
      "SN-29: μ = 43.732 ± 0.101, s = 0.970 ± 0.048\n",
      "\n",
      "Fitting SN-30...\n",
      "Fitting with Minuit\n",
      "Chi2 = 21.263766413131183\n",
      "ndf = 17\n",
      "Fitted values:\n",
      "[ 2.80785827  1.06207199 43.66895361]\n",
      "Errors:\n",
      "[0.32355664 0.05336207 0.10814927]\n",
      "Covariance:\n",
      "[[ 0.1046889  -0.00622143 -0.01062584]\n",
      " [-0.00622143  0.00284751  0.00561744]\n",
      " [-0.01062584  0.00561744  0.01169626]]\n",
      "SN-30: μ = 43.669 ± 0.108, s = 1.062 ± 0.053\n",
      "\n",
      "Fitting SN-31...\n",
      "Fitting with Minuit\n",
      "Chi2 = 16.008350113406927\n",
      "ndf = 17\n",
      "Fitted values:\n",
      "[ 0.72367206  0.94740569 41.0146547 ]\n",
      "Errors:\n",
      "[0.28749692 0.03071808 0.07736138]\n",
      "Covariance:\n",
      "[[ 0.08265448 -0.00433404 -0.00740963]\n",
      " [-0.00433404  0.0009436   0.00224414]\n",
      " [-0.00740963  0.00224414  0.00598478]]\n",
      "SN-31: μ = 41.015 ± 0.077, s = 0.947 ± 0.031\n",
      "\n",
      "Fitting SN-32...\n",
      "Fitting with Minuit\n",
      "Chi2 = 11.09671114192514\n",
      "ndf = 17\n",
      "Fitted values:\n",
      "[-4.081591    1.21013236 43.76986933]\n",
      "Errors:\n",
      "[0.08616812 0.01719007 0.04398597]\n",
      "Covariance:\n",
      "[[ 7.42494511e-03 -6.71121877e-05  2.89315747e-04]\n",
      " [-6.71121877e-05  2.95498412e-04  6.19312317e-04]\n",
      " [ 2.89315747e-04  6.19312317e-04  1.93476555e-03]]\n",
      "SN-32: μ = 43.770 ± 0.044, s = 1.210 ± 0.017\n",
      "\n",
      "Fitting SN-33...\n",
      "Fitting with Minuit\n",
      "Chi2 = 18.00459562238681\n",
      "ndf = 17\n",
      "Fitted values:\n",
      "[-0.05165074  0.94171253 43.2027956 ]\n",
      "Errors:\n",
      "[0.48681735 0.05163383 0.10220665]\n",
      "Covariance:\n",
      "[[ 0.23699113 -0.01802001 -0.0284095 ]\n",
      " [-0.01802001  0.00266605  0.00505031]\n",
      " [-0.0284095   0.00505031  0.0104462 ]]\n",
      "SN-33: μ = 43.203 ± 0.102, s = 0.942 ± 0.052\n",
      "\n",
      "Fitting SN-34...\n",
      "Fitting with Minuit\n",
      "Chi2 = 30.14029638089722\n",
      "ndf = 17\n",
      "Fitted values:\n",
      "[ 1.00688999  0.98638198 43.24195021]\n",
      "Errors:\n",
      "[0.43972797 0.05740575 0.11420795]\n",
      "Covariance:\n",
      "[[ 0.19336069 -0.01664656 -0.02796496]\n",
      " [-0.01664656  0.00329542  0.00636883]\n",
      " [-0.02796496  0.00636883  0.01304346]]\n",
      "SN-34: μ = 43.242 ± 0.114, s = 0.986 ± 0.057\n",
      "\n",
      "Fitting SN-35...\n",
      "Fitting with Minuit\n",
      "Chi2 = 23.874807799785366\n",
      "ndf = 17\n",
      "Fitted values:\n",
      "[ 1.65882186  0.92836526 41.25938861]\n",
      "Errors:\n",
      "[0.20284561 0.02628395 0.07271173]\n",
      "Covariance:\n",
      "[[ 0.04114634 -0.00042091  0.00018237]\n",
      " [-0.00042091  0.00069085  0.00180785]\n",
      " [ 0.00018237  0.00180785  0.005287  ]]\n",
      "SN-35: μ = 41.259 ± 0.073, s = 0.928 ± 0.026\n",
      "\n",
      "Fitting SN-36...\n",
      "Fitting with Minuit\n",
      "Chi2 = 19.577051596605557\n",
      "ndf = 17\n",
      "Fitted values:\n",
      "[ 1.09525716  0.9956442  43.50716001]\n",
      "Errors:\n",
      "[0.44702674 0.06004732 0.11772611]\n",
      "Covariance:\n",
      "[[ 0.1998329  -0.0181949  -0.03042567]\n",
      " [-0.0181949   0.00360568  0.00687148]\n",
      " [-0.03042567  0.00687148  0.01385944]]\n",
      "SN-36: μ = 43.507 ± 0.118, s = 0.996 ± 0.060\n",
      "\n",
      "Fitting SN-37...\n",
      "Fitting with Minuit\n",
      "Chi2 = 38.311507978438684\n",
      "ndf = 17\n",
      "Fitted values:\n",
      "[ 0.40861752  0.88579399 42.80214058]\n",
      "Errors:\n",
      "[0.12929307 0.01668703 0.0502294 ]\n",
      "Covariance:\n",
      "[[0.0167167  0.00159716 0.00454217]\n",
      " [0.00159716 0.00027846 0.00073437]\n",
      " [0.00454217 0.00073437 0.00252299]]\n",
      "SN-37: μ = 42.802 ± 0.050, s = 0.886 ± 0.017\n",
      "\n",
      "Fitting SN-38...\n",
      "Fitting with Minuit\n",
      "Chi2 = 25.80049924573883\n",
      "ndf = 17\n",
      "Fitted values:\n",
      "[2.17382943e-02 1.17770539e+00 4.37854042e+01]\n",
      "Errors:\n",
      "[0.72889941 0.09534785 0.16505672]\n",
      "Covariance:\n",
      "[[ 0.53129435 -0.05439544 -0.08488442]\n",
      " [-0.05439544  0.00909121  0.01548249]\n",
      " [-0.08488442  0.01548249  0.02724372]]\n",
      "SN-38: μ = 43.785 ± 0.165, s = 1.178 ± 0.095\n",
      "\n",
      "Fitting SN-39...\n",
      "Fitting with Minuit\n",
      "Chi2 = 23.314916013257207\n",
      "ndf = 17\n",
      "Fitted values:\n",
      "[-3.51424769  0.93040039 42.74410435]\n",
      "Errors:\n",
      "[0.66430806 0.04548428 0.08603268]\n",
      "Covariance:\n",
      "[[ 0.4413052  -0.02371092 -0.0263189 ]\n",
      " [-0.02371092  0.00206882  0.00345526]\n",
      " [-0.0263189   0.00345526  0.00740162]]\n",
      "SN-39: μ = 42.744 ± 0.086, s = 0.930 ± 0.045\n",
      "\n",
      "Fitting SN-40...\n",
      "Fitting with Minuit\n",
      "Chi2 = 12.438890789839842\n",
      "ndf = 17\n",
      "Fitted values:\n",
      "[-1.18174052  1.01163825 43.11813252]\n",
      "Errors:\n",
      "[0.63822007 0.05761374 0.10482236]\n",
      "Covariance:\n",
      "[[ 0.40732486 -0.02932476 -0.04171472]\n",
      " [-0.02932476  0.00331934  0.00572738]\n",
      " [-0.04171472  0.00572738  0.01098773]]\n",
      "SN-40: μ = 43.118 ± 0.105, s = 1.012 ± 0.058\n",
      "\n",
      "Fitting SN-41...\n",
      "Fitting with Minuit\n",
      "Chi2 = 15.665197477836386\n",
      "ndf = 17\n",
      "Fitted values:\n",
      "[2.64714700e-02 1.00413957e+00 4.21667890e+01]\n",
      "Errors:\n",
      "[0.43274419 0.04374201 0.09284444]\n",
      "Covariance:\n",
      "[[ 0.18726753 -0.01323831 -0.02218616]\n",
      " [-0.01323831  0.00191336  0.00387957]\n",
      " [-0.02218616  0.00387957  0.00862009]]\n",
      "SN-41: μ = 42.167 ± 0.093, s = 1.004 ± 0.044\n",
      "\n",
      "Fitting SN-42...\n",
      "Fitting with Minuit\n",
      "Chi2 = 22.57391552524883\n",
      "ndf = 17\n",
      "Fitted values:\n",
      "[-1.31248589  1.01934624 43.80785413]\n",
      "Errors:\n",
      "[0.06238581 0.01175919 0.03589275]\n",
      "Covariance:\n",
      "[[ 3.89198970e-03 -2.37135816e-05  1.57817372e-04]\n",
      " [-2.37135816e-05  1.38278482e-04  2.91400094e-04]\n",
      " [ 1.57817372e-04  2.91400094e-04  1.28828925e-03]]\n",
      "SN-42: μ = 43.808 ± 0.036, s = 1.019 ± 0.012\n",
      "\n",
      "Fitting SN-43...\n",
      "Fitting with Minuit\n",
      "Chi2 = 11.780986073761133\n",
      "ndf = 17\n",
      "Fitted values:\n",
      "[ 1.17575097  1.10718023 43.34107779]\n",
      "Errors:\n",
      "[0.50638406 0.0668699  0.12594875]\n",
      "Covariance:\n",
      "[[ 0.25642481 -0.02396738 -0.0398907 ]\n",
      " [-0.02396738  0.00447158  0.00823475]\n",
      " [-0.0398907   0.00823475  0.01586309]]\n",
      "SN-43: μ = 43.341 ± 0.126, s = 1.107 ± 0.067\n",
      "\n",
      "Fitting SN-44...\n",
      "Fitting with Minuit\n",
      "Chi2 = 23.874807799785366\n",
      "ndf = 17\n",
      "Fitted values:\n",
      "[ 1.65882186  0.92836526 41.25938861]\n",
      "Errors:\n",
      "[0.20284561 0.02628395 0.07271173]\n",
      "Covariance:\n",
      "[[ 0.04114634 -0.00042091  0.00018237]\n",
      " [-0.00042091  0.00069085  0.00180785]\n",
      " [ 0.00018237  0.00180785  0.005287  ]]\n",
      "SN-35: μ = 41.259 ± 0.073, s = 0.928 ± 0.026\n",
      "\n",
      "Fitting SN-36...\n",
      "Fitting with Minuit\n",
      "Chi2 = 19.577051596605557\n",
      "ndf = 17\n",
      "Fitted values:\n",
      "[ 1.09525716  0.9956442  43.50716001]\n",
      "Errors:\n",
      "[0.44702674 0.06004732 0.11772611]\n",
      "Covariance:\n",
      "[[ 0.1998329  -0.0181949  -0.03042567]\n",
      " [-0.0181949   0.00360568  0.00687148]\n",
      " [-0.03042567  0.00687148  0.01385944]]\n",
      "SN-36: μ = 43.507 ± 0.118, s = 0.996 ± 0.060\n",
      "\n",
      "Fitting SN-37...\n",
      "Fitting with Minuit\n",
      "Chi2 = 38.311507978438684\n",
      "ndf = 17\n",
      "Fitted values:\n",
      "[ 0.40861752  0.88579399 42.80214058]\n",
      "Errors:\n",
      "[0.12929307 0.01668703 0.0502294 ]\n",
      "Covariance:\n",
      "[[0.0167167  0.00159716 0.00454217]\n",
      " [0.00159716 0.00027846 0.00073437]\n",
      " [0.00454217 0.00073437 0.00252299]]\n",
      "SN-37: μ = 42.802 ± 0.050, s = 0.886 ± 0.017\n",
      "\n",
      "Fitting SN-38...\n",
      "Fitting with Minuit\n",
      "Chi2 = 25.80049924573883\n",
      "ndf = 17\n",
      "Fitted values:\n",
      "[2.17382943e-02 1.17770539e+00 4.37854042e+01]\n",
      "Errors:\n",
      "[0.72889941 0.09534785 0.16505672]\n",
      "Covariance:\n",
      "[[ 0.53129435 -0.05439544 -0.08488442]\n",
      " [-0.05439544  0.00909121  0.01548249]\n",
      " [-0.08488442  0.01548249  0.02724372]]\n",
      "SN-38: μ = 43.785 ± 0.165, s = 1.178 ± 0.095\n",
      "\n",
      "Fitting SN-39...\n",
      "Fitting with Minuit\n",
      "Chi2 = 23.314916013257207\n",
      "ndf = 17\n",
      "Fitted values:\n",
      "[-3.51424769  0.93040039 42.74410435]\n",
      "Errors:\n",
      "[0.66430806 0.04548428 0.08603268]\n",
      "Covariance:\n",
      "[[ 0.4413052  -0.02371092 -0.0263189 ]\n",
      " [-0.02371092  0.00206882  0.00345526]\n",
      " [-0.0263189   0.00345526  0.00740162]]\n",
      "SN-39: μ = 42.744 ± 0.086, s = 0.930 ± 0.045\n",
      "\n",
      "Fitting SN-40...\n",
      "Fitting with Minuit\n",
      "Chi2 = 12.438890789839842\n",
      "ndf = 17\n",
      "Fitted values:\n",
      "[-1.18174052  1.01163825 43.11813252]\n",
      "Errors:\n",
      "[0.63822007 0.05761374 0.10482236]\n",
      "Covariance:\n",
      "[[ 0.40732486 -0.02932476 -0.04171472]\n",
      " [-0.02932476  0.00331934  0.00572738]\n",
      " [-0.04171472  0.00572738  0.01098773]]\n",
      "SN-40: μ = 43.118 ± 0.105, s = 1.012 ± 0.058\n",
      "\n",
      "Fitting SN-41...\n",
      "Fitting with Minuit\n",
      "Chi2 = 15.665197477836386\n",
      "ndf = 17\n",
      "Fitted values:\n",
      "[2.64714700e-02 1.00413957e+00 4.21667890e+01]\n",
      "Errors:\n",
      "[0.43274419 0.04374201 0.09284444]\n",
      "Covariance:\n",
      "[[ 0.18726753 -0.01323831 -0.02218616]\n",
      " [-0.01323831  0.00191336  0.00387957]\n",
      " [-0.02218616  0.00387957  0.00862009]]\n",
      "SN-41: μ = 42.167 ± 0.093, s = 1.004 ± 0.044\n",
      "\n",
      "Fitting SN-42...\n",
      "Fitting with Minuit\n",
      "Chi2 = 22.57391552524883\n",
      "ndf = 17\n",
