{
 "cells": [
  {
   "cell_type": "markdown",
   "id": "8a966113",
   "metadata": {},
   "source": [
    "## SN3 - Minuit section"
   ]
  },
  {
   "cell_type": "markdown",
   "id": "82780fc4",
   "metadata": {},
   "source": [
    "### Import libraries"
   ]
  },
  {
   "cell_type": "code",
   "execution_count": 2,
   "id": "ea0be856",
   "metadata": {},
   "outputs": [],
   "source": [
    "# Classic libraries\n",
    "import sys\n",
    "from pylab import *\n",
    "import numpy as np\n",
    "from matplotlib import rc\n",
    "import os\n",
    "\n",
    "# Specific libraries\n",
    "import cosmolib as cs\n",
    "\n",
    "# Visuals\n",
    "rc('figure',figsize=(10,5))\n",
    "rc('font',size=12)\n",
    "rc('text',usetex=False)"
   ]
  },
  {
   "cell_type": "markdown",
   "id": "3db4e627",
   "metadata": {},
   "source": [
    "# Fit using minuit"
   ]
  },
  {
   "cell_type": "markdown",
   "id": "ee490c39",
   "metadata": {},
   "source": [
    "### Use of minuit on our data\n",
    "\n",
    "pars : list of parameters (t0 : time of maximum brightness, s : stretch parameter, mu : distance modulus)\n",
    "\n",
    "Input : (Datas in general)\n",
    "- Graph X x Y\n",
    "- Variance of Y\n",
    "- initial guess (here we use \"np.array([0.,1.,mu_guess])\") [arbitrary values]\n",
    "- functname (here we use interpolation)\n",
    "\n",
    "Output : (Fitting with Minuit)\n",
    "- chi2\n",
    "- ndf\n",
    "- Fitted values\n",
    "- errors\n",
    "- Covariance\n",
    "\n",
    "musn1a(z : redshift, cosmo : list of cosmological paramteres) return distance modulus\n"
   ]
  },
  {
   "cell_type": "code",
   "execution_count": 40,
   "id": "131a6707",
   "metadata": {},
   "outputs": [
    {
     "name": "stdout",
     "output_type": "stream",
     "text": [
      "Fitting individual supernova lightcurves...\n",
      "Fitting SN-0...\n",
      "Fitting with Minuit\n",
      "Chi2 = 99.98471407363593\n",
      "ndf = 17\n",
      "Fitted values:\n",
      "[-0.07979822  1.03519888 43.63935296]\n",
      "Errors:\n",
      "[0.51839997 0.01769245 0.00163314]\n",
      "Covariance:\n",
      "[[ 2.68738524e-01 -9.16232962e-03 -2.90487462e-04]\n",
      " [-9.16232962e-03  3.13022619e-04  9.93792615e-06]\n",
      " [-2.90487462e-04  9.93792615e-06  2.66714505e-06]]\n",
      "SN-0: μ = 43.639 ± 0.002, s = 1.035 ± 0.018\n",
      "\n",
      "Fitting SN-1...\n",
      "Fitting with Minuit\n",
      "Chi2 = 330.82130936090164\n",
      "ndf = 17\n",
      "Fitted values:\n",
      "[ 3.19267218  0.94784607 41.95637335]\n",
      "Errors:\n",
      "[0.03832005 0.00534985 0.01306899]\n",
      "Covariance:\n",
      "[[1.46842588e-03 5.71987841e-05 1.33723036e-04]\n",
      " [5.71987841e-05 2.86208851e-05 6.59534822e-05]\n",
      " [1.33723036e-04 6.59534822e-05 1.70798556e-04]]\n",
      "SN-1: μ = 41.956 ± 0.013, s = 0.948 ± 0.005\n",
      "\n",
      "Fitting SN-2...\n",
      "Fitting with Minuit\n",
      "Chi2 = 100.56178212512411\n",
      "ndf = 17\n",
      "Fitted values:\n",
      "[-2.08830581  1.13492648 43.76585898]\n",
      "Errors:\n",
      "[0.33480092 0.03815388 0.06129518]\n",
      "Covariance:\n",
      "[[ 0.11209166 -0.01068915 -0.01553012]\n",
      " [-0.01068915  0.00145572  0.00229628]\n",
      " [-0.01553012  0.00229628  0.0037571 ]]\n",
      "SN-2: μ = 43.766 ± 0.061, s = 1.135 ± 0.038\n",
      "\n",
      "Fitting SN-3...\n",
      "Fitting with Minuit\n",
      "Chi2 = 81.66076595256689\n",
      "ndf = 17\n",
      "Fitted values:\n",
      "[-0.36794856  0.99445228 44.16881797]\n",
      "Errors:\n",
      "[0.40675277 0.05109974 0.08589342]\n",
      "Covariance:\n",
      "[[ 0.16544781 -0.01637198 -0.0251755 ]\n",
      " [-0.01637198  0.00261118  0.00431372]\n",
      " [-0.0251755   0.00431372  0.00737768]]\n",
      "SN-3: μ = 44.169 ± 0.086, s = 0.994 ± 0.051\n",
      "\n",
      "Fitting SN-4...\n",
      "Fitting with Minuit\n",
      "Chi2 = 1792.9123722472673\n",
      "ndf = 17\n",
      "Fitted values:\n",
      "[ 0.65838347  1.01147795 39.95853844]\n",
      "Errors:\n",
      "[0.03138031 0.00373425 0.00957093]\n",
      "Covariance:\n",
      "[[ 9.84723880e-04 -2.29924397e-05 -2.64492407e-05]\n",
      " [-2.29924397e-05  1.39446535e-05  3.37867095e-05]\n",
      " [-2.64492407e-05  3.37867095e-05  9.16026639e-05]]\n",
      "SN-4: μ = 39.959 ± 0.010, s = 1.011 ± 0.004\n",
      "\n",
      "Fitting SN-5...\n",
      "Fitting with Minuit\n",
      "Chi2 = 1182.1102530915318\n",
      "ndf = 17\n",
      "Fitted values:\n",
      "[-1.40710852  0.91996913 41.34228654]\n",
      "Errors:\n",
      "[0.06818126 0.00628104 0.01329776]\n",
      "Covariance:\n",
      "[[ 4.64868444e-03 -2.81345900e-04 -4.34241040e-04]\n",
      " [-2.81345900e-04  3.94514844e-05  7.83632762e-05]\n",
      " [-4.34241040e-04  7.83632762e-05  1.76830529e-04]]\n",
      "SN-5: μ = 41.342 ± 0.013, s = 0.920 ± 0.006\n",
      "\n",
      "Fitting SN-6...\n",
      "Fitting with Minuit\n",
      "Chi2 = 427.71764493754836\n",
      "ndf = 17\n",
      "Fitted values:\n",
      "[ 1.60514904  1.02748635 42.54648688]\n",
      "Errors:\n",
      "[0.06513635 0.01066481 0.0217603 ]\n",
      "Covariance:\n",
      "[[ 0.00424274 -0.00019802 -0.00032786]\n",
      " [-0.00019802  0.00011374  0.00022566]\n",
      " [-0.00032786  0.00022566  0.00047351]]\n",
      "SN-6: μ = 42.546 ± 0.022, s = 1.027 ± 0.011\n",
      "\n",
      "Fitting SN-7...\n",
      "Fitting with Minuit\n",
      "Chi2 = 306.9137605920707\n",
      "ndf = 17\n",
      "Fitted values:\n",
      "[-0.82756132  0.85138125 42.25883279]\n",
      "Errors:\n",
      "[0.08159825 0.0095032  0.0198709 ]\n",
      "Covariance:\n",
      "[[ 6.65827380e-03 -4.71185707e-04 -7.94867896e-04]\n",
      " [-4.71185707e-04  9.03108922e-05  1.80271819e-04]\n",
      " [-7.94867896e-04  1.80271819e-04  3.94852603e-04]]\n",
      "SN-7: μ = 42.259 ± 0.020, s = 0.851 ± 0.010\n",
      "\n",
      "Fitting SN-8...\n",
      "Fitting with Minuit\n",
      "Chi2 = 394.828804084903\n",
      "ndf = 17\n",
      "Fitted values:\n",
      "[ 1.93174353  0.99979083 42.50941121]\n",
      "Errors:\n",
      "[0.06378948 0.01029163 0.02129339]\n",
      "Covariance:\n",
      "[[ 0.0040691  -0.00016315 -0.00026098]\n",
      " [-0.00016315  0.00010592  0.00021269]\n",
      " [-0.00026098  0.00021269  0.00045341]]\n",
      "SN-8: μ = 42.509 ± 0.021, s = 1.000 ± 0.010\n",
      "\n",
      "Fitting SN-9...\n",
      "Fitting with Minuit\n",
      "Chi2 = 352.6552925788481\n",
      "ndf = 17\n",
      "Fitted values:\n",
      "[-1.61295073  0.89431059 42.72095128]\n",
      "Errors:\n",
      "[0.0962677  0.00381981 0.00037643]\n",
      "Covariance:\n",
      "[[ 9.26747010e-03 -3.67355302e-04 -1.16853672e-06]\n",
      " [-3.67355302e-04  1.45909109e-05  4.65177803e-08]\n",
      " [-1.16853672e-06  4.65177803e-08  1.41695808e-07]]\n",
      "SN-9: μ = 42.721 ± 0.000, s = 0.894 ± 0.004\n",
      "\n",
      "Fitting SN-10...\n",
      "Fitting with Minuit\n",
      "Chi2 = 105.61511185171761\n",
      "ndf = 17\n",
      "Fitted values:\n",
      "[ 0.34066883  0.9932936  43.63825496]\n",
      "Errors:\n",
      "[0.20345508 0.02665292 0.04803682]\n",
      "Covariance:\n",
      "[[ 0.04139397 -0.00365471 -0.00586986]\n",
      " [-0.00365471  0.00071038  0.00125096]\n",
      " [-0.00586986  0.00125096  0.00230754]]\n",
      "SN-10: μ = 43.638 ± 0.048, s = 0.993 ± 0.027\n",
      "\n",
      "Fitting SN-11...\n",
      "Fitting with Minuit\n",
      "Chi2 = 113.42511698668561\n",
      "ndf = 17\n",
      "Fitted values:\n",
      "[ 0.41452594  0.99362674 43.84874699]\n",
      "Errors:\n",
      "[0.22472447 0.03545566 0.06348746]\n",
      "Covariance:\n",
      "[[ 0.05050109 -0.00494486 -0.00792079]\n",
      " [-0.00494486  0.0012571   0.00221203]\n",
      " [-0.00792079  0.00221203  0.00403066]]\n",
      "SN-11: μ = 43.849 ± 0.063, s = 0.994 ± 0.035\n",
      "\n",
      "Fitting SN-12...\n",
      "Fitting with Minuit\n",
      "Chi2 = 459.4572060558539\n",
      "ndf = 17\n",
      "Fitted values:\n",
      "[-1.77762528  1.12213198 43.01262945]\n",
      "Errors:\n",
      "[0.17320015 0.01975513 0.0340296 ]\n",
      "Covariance:\n",
      "[[ 0.02999829 -0.00269262 -0.00411444]\n",
      " [-0.00269262  0.00039027  0.00065713]\n",
      " [-0.00411444  0.00065713  0.00115801]]\n",
      "SN-12: μ = 43.013 ± 0.034, s = 1.122 ± 0.020\n",
      "\n",
      "Fitting SN-13...\n",
      "Fitting with Minuit\n",
      "Chi2 = 183.01343717704776\n",
      "ndf = 17\n",
      "Fitted values:\n",
      "[-2.01758187  1.05089722 43.1848274 ]\n",
      "Errors:\n",
      "[0.01745178 0.00651149 0.01485954]\n",
      "Covariance:\n",
      "[[3.04564601e-04 9.40187345e-05 1.92039423e-04]\n",
      " [9.40187345e-05 4.23994417e-05 8.50835229e-05]\n",
      " [1.92039423e-04 8.50835229e-05 2.20805999e-04]]\n",
      "SN-13: μ = 43.185 ± 0.015, s = 1.051 ± 0.007\n",
      "\n",
      "Fitting SN-14...\n",
      "Fitting with Minuit\n",
      "Chi2 = 125.57977853415753\n",
      "ndf = 17\n",
      "Fitted values:\n",
      "[ 0.32251931  0.90593307 43.02084342]\n",
      "Errors:\n",
      "[0.11314762 0.01645562 0.03236736]\n",
      "Covariance:\n",
      "[[ 0.01280238 -0.00106592 -0.0018302 ]\n",
      " [-0.00106592  0.00027079  0.00051791]\n",
      " [-0.0018302   0.00051791  0.00104765]]\n",
      "SN-14: μ = 43.021 ± 0.032, s = 0.906 ± 0.016\n",
      "\n",
      "Fitting SN-15...\n",
      "Fitting with Minuit\n",
      "Chi2 = 200.47263979501136\n",
      "ndf = 17\n",
      "Fitted values:\n",
      "[-0.1119768   1.16630087 43.55872845]\n",
      "Errors:\n",
      "[0.21763779 0.02902729 0.04964166]\n",
      "Covariance:\n",
      "[[ 0.04736621 -0.00479417 -0.00758204]\n",
      " [-0.00479417  0.00084258  0.00142118]\n",
      " [-0.00758204  0.00142118  0.00246429]]\n",
      "SN-15: μ = 43.559 ± 0.050, s = 1.166 ± 0.029\n",
      "\n",
      "Fitting SN-16...\n",
      "Fitting with Minuit\n",
      "Chi2 = 69.91570198883385\n",
      "ndf = 17\n",
      "Fitted values:\n",
      "[ 1.38063453  0.97594458 43.89461668]\n",
      "Errors:\n",
      "[0.20894011 0.03125664 0.05779052]\n",
      "Covariance:\n",
      "[[ 0.04365597 -0.00378273 -0.00630241]\n",
      " [-0.00378273  0.00097698  0.00176776]\n",
      " [-0.00630241  0.00176776  0.00333974]]\n",
      "SN-16: μ = 43.895 ± 0.058, s = 0.976 ± 0.031\n",
      "\n",
      "Fitting SN-17...\n",
      "Fitting with Minuit\n",
      "Chi2 = 326.62473329967844\n",
      "ndf = 17\n",
      "Fitted values:\n",
      "[-1.50468407  1.16227535 43.6506227 ]\n",
      "Errors:\n",
      "[0.02593943 0.0105822  0.02174357]\n",
      "Covariance:\n",
      "[[0.00067285 0.00025133 0.00048275]\n",
      " [0.00025133 0.00011198 0.0002136 ]\n",
      " [0.00048275 0.0002136  0.00047278]]\n",
      "SN-17: μ = 43.651 ± 0.022, s = 1.162 ± 0.011\n",
      "\n",
      "Fitting SN-18...\n",
      "Fitting with Minuit\n",
      "Chi2 = 94.58704492039966\n",
      "ndf = 17\n",
      "Fitted values:\n",
      "[-0.36698835  0.95915728 43.76287993]\n",
      "Errors:\n",
      "[0.05676428 0.02397566 0.0468922 ]\n",
      "Covariance:\n",
      "[[ 0.00322218 -0.0003046  -0.00049386]\n",
      " [-0.0003046   0.00057483  0.00109226]\n",
      " [-0.00049386  0.00109226  0.00219888]]\n",
      "SN-18: μ = 43.763 ± 0.047, s = 0.959 ± 0.024\n",
      "\n",
      "Fitting SN-19...\n",
      "Fitting with Minuit\n",
      "Chi2 = 68.2341291146012\n",
      "ndf = 17\n",
      "Fitted values:\n",
      "[-1.31754043  0.95297047 43.8108141 ]\n",
      "Errors:\n",
      "[0.28483456 0.03571339 0.06231846]\n",
      "Covariance:\n",
      "[[ 0.08113073 -0.00770017 -0.01183541]\n",
      " [-0.00770017  0.00127545  0.00217152]\n",
      " [-0.01183541  0.00217152  0.00388359]]\n",
      "SN-19: μ = 43.811 ± 0.062, s = 0.953 ± 0.036\n",
      "\n",
      "Fitting SN-20...\n",
      "Fitting with Minuit\n",
      "Chi2 = 526.1676017023727\n",
      "ndf = 17\n",
      "Fitted values:\n",
      "[-2.83437421  1.02174506 42.17110765]\n",
      "Errors:\n",
      "[0.01042687 0.00365284 0.00931825]\n",
      "Covariance:\n",
      "[[1.08719531e-04 2.94447502e-05 6.67226537e-05]\n",
      " [2.94447502e-05 1.33432115e-05 2.93180760e-05]\n",
      " [6.67226537e-05 2.93180760e-05 8.68297367e-05]]\n",
      "SN-20: μ = 42.171 ± 0.009, s = 1.022 ± 0.004\n",
      "\n",
      "Fitting SN-21...\n",
      "Fitting with Minuit\n",
      "Chi2 = 325.12533975920496\n",
      "ndf = 17\n",
      "Fitted values:\n",
      "[-2.75174748  1.09905699 42.94207909]\n",
      "Errors:\n",
      "[0.19074318 0.01910538 0.03185603]\n",
      "Covariance:\n",
      "[[ 0.03638296 -0.00291524 -0.00411368]\n",
      " [-0.00291524  0.00036502  0.00058916]\n",
      " [-0.00411368  0.00058916  0.00101481]]\n",
      "SN-21: μ = 42.942 ± 0.032, s = 1.099 ± 0.019\n",
      "\n",
      "Fitting SN-22...\n",
      "Fitting with Minuit\n",
      "Chi2 = 329.3365831738351\n",
      "ndf = 17\n",
      "Fitted values:\n",
      "[ 0.51215151  0.99858456 42.81871913]\n",
      "Errors:\n",
      "[0.10312757 0.01469944 0.02839318]\n",
      "Covariance:\n",
      "[[ 0.0106353  -0.00089405 -0.00151035]\n",
      " [-0.00089405  0.00021607  0.00040699]\n",
      " [-0.00151035  0.00040699  0.00080617]]\n",
      "SN-22: μ = 42.819 ± 0.028, s = 0.999 ± 0.015\n",
      "\n",
      "Fitting SN-23...\n",
      "Fitting with Minuit\n",
      "Chi2 = 266.26079445038226\n",
      "ndf = 17\n",
      "Fitted values:\n",
      "[-1.33975891  1.14412558 43.23755208]\n",
      "Errors:\n",
      "[0.20471368 0.02368358 0.0400341 ]\n",
      "Covariance:\n",
      "[[ 0.04190769 -0.0038744  -0.00594596]\n",
      " [-0.0038744   0.00056091  0.00093099]\n",
      " [-0.00594596  0.00093099  0.00160273]]\n",
      "SN-23: μ = 43.238 ± 0.040, s = 1.144 ± 0.024\n",
      "\n",
      "Fitting SN-24...\n",
      "Fitting with Minuit\n",
      "Chi2 = 556.7998386327315\n",
      "ndf = 17\n",
      "Fitted values:\n",
      "[-1.04337667  0.89788484 42.05405005]\n",
      "Errors:\n",
      "[0.08542335 0.00940842 0.0190123 ]\n",
      "Covariance:\n",
      "[[ 7.29714861e-03 -5.47290563e-04 -9.13583888e-04]\n",
      " [-5.47290563e-04  8.85183445e-05  1.71466919e-04]\n",
      " [-9.13583888e-04  1.71466919e-04  3.61467468e-04]]\n",
      "SN-24: μ = 42.054 ± 0.019, s = 0.898 ± 0.009\n",
      "\n",
      "Fitting SN-25...\n",
      "Fitting with Minuit\n",
      "Chi2 = 19.002049066132454\n",
      "ndf = 17\n",
      "Fitted values:\n",
      "[ 2.2021817   0.97037285 43.8657717 ]\n",
      "Errors:\n",
      "[0.15087524 0.02501361 0.04855261]\n",
      "Covariance:\n",
      "[[ 0.02276334 -0.00090612 -0.00149105]\n",
      " [-0.00090612  0.00062568  0.00118194]\n",
      " [-0.00149105  0.00118194  0.00235736]]\n",
      "SN-25: μ = 43.866 ± 0.049, s = 0.970 ± 0.025\n",
      "\n",
      "Fitting SN-26...\n",
      "Fitting with Minuit\n",
      "Chi2 = 300.01583806694214\n",
      "ndf = 17\n",
      "Fitted values:\n",
      "[ 1.26700778  1.07977728 43.2347806 ]\n",
      "Errors:\n",
      "[0.01830942 0.00490177 0.01132572]\n",
      "Covariance:\n",
      "[[ 3.35234777e-04 -2.34207136e-06  1.85183711e-06]\n",
      " [-2.34207136e-06  2.40273631e-05  4.49312821e-05]\n",
      " [ 1.85183711e-06  4.49312821e-05  1.28271990e-04]]\n",
      "SN-26: μ = 43.235 ± 0.011, s = 1.080 ± 0.005\n",
      "\n",
      "Fitting SN-27...\n",
      "Fitting with Minuit\n",
      "Chi2 = 350.0586647728032\n",
      "ndf = 17\n",
      "Fitted values:\n",
      "[ 1.72464766  1.10065207 42.59506337]\n",
      "Errors:\n",
      "[0.07018719 0.01081361 0.02147461]\n",
      "Covariance:\n",
      "[[ 0.00492624 -0.00029789 -0.0005108 ]\n",
      " [-0.00029789  0.00011693  0.00022615]\n",
      " [-0.0005108   0.00022615  0.00046116]]\n",
      "SN-27: μ = 42.595 ± 0.021, s = 1.101 ± 0.011\n",
      "\n",
      "Fitting SN-28...\n",
      "Fitting with Minuit\n",
      "Chi2 = 186.5158435432195\n",
      "ndf = 17\n",
      "Fitted values:\n",
      "[ 1.77676389  1.00757414 43.51733379]\n",
      "Errors:\n",
      "[0.14575578 0.02439443 0.04586264]\n",
      "Covariance:\n",
      "[[ 0.02124475 -0.0018882  -0.00323814]\n",
      " [-0.0018882   0.00059509  0.00109851]\n",
      " [-0.00323814  0.00109851  0.00210338]]\n",
      "SN-28: μ = 43.517 ± 0.046, s = 1.008 ± 0.024\n",
      "\n",
      "Fitting SN-29...\n",
      "Fitting with Minuit\n",
      "Chi2 = 58.49768048434604\n",
      "ndf = 17\n",
      "Fitted values:\n",
      "[ 2.33218202  0.96822534 43.72416561]\n",
      "Errors:\n",
      "[0.13910464 0.02218505 0.04323429]\n",
      "Covariance:\n",
      "[[ 0.0193501  -0.00078008 -0.00128424]\n",
      " [-0.00078008  0.00049218  0.00093227]\n",
      " [-0.00128424  0.00093227  0.0018692 ]]\n",
      "SN-29: μ = 43.724 ± 0.043, s = 0.968 ± 0.022\n",
      "\n",
      "Fitting SN-30...\n",
      "Fitting with Minuit\n",
      "Chi2 = 164.08087532481662\n",
      "ndf = 17\n",
      "Fitted values:\n",
      "[ 2.8534439   1.08631078 43.7020612 ]\n",
      "Errors:\n",
      "[0.12230436 0.02247386 0.04284184]\n",
      "Covariance:\n",
      "[[ 0.01495836 -0.00063916 -0.00105303]\n",
      " [-0.00063916  0.00050507  0.00094326]\n",
      " [-0.00105303  0.00094326  0.00183542]]\n",
      "SN-30: μ = 43.702 ± 0.043, s = 1.086 ± 0.022\n",
      "\n",
      "Fitting SN-31...\n",
      "Fitting with Minuit\n",
      "Chi2 = 706.9759527851797\n",
      "ndf = 17\n",
      "Fitted values:\n",
      "[ 0.77174834  0.94797978 41.01235453]\n",
      "Errors:\n",
      "[0.02070363 0.0024353  0.00711416]\n",
      "Covariance:\n",
      "[[4.28640161e-04 4.21790971e-05 1.10941903e-04]\n",
      " [4.21790971e-05 5.93068528e-06 1.51079995e-05]\n",
      " [1.10941903e-04 1.51079995e-05 5.06112489e-05]]\n",
      "SN-31: μ = 41.012 ± 0.007, s = 0.948 ± 0.002\n",
      "\n",
      "Fitting SN-32...\n",
      "Fitting with Minuit\n",
      "Chi2 = 66.92909707583819\n",
      "ndf = 17\n",
      "Fitted values:\n",
      "[-3.4581536   1.16904077 43.71718153]\n",
      "Errors:\n",
      "[0.48181586 0.0437576  0.06454307]\n",
      "Covariance:\n",
      "[[ 0.23214652 -0.01882459 -0.02506123]\n",
      " [-0.01882459  0.00191473  0.00276488]\n",
      " [-0.02506123  0.00276488  0.00416581]]\n",
      "SN-32: μ = 43.717 ± 0.065, s = 1.169 ± 0.044\n",
      "\n",
      "Fitting SN-33...\n",
      "Fitting with Minuit\n",
      "Chi2 = 146.17531538196715\n",
      "ndf = 17\n",
      "Fitted values:\n",
      "[-0.1207838   0.99544155 43.29266775]\n",
      "Errors:\n",
      "[0.15194014 0.02167256 0.03983045]\n",
      "Covariance:\n",
      "[[ 0.02308581 -0.00206505 -0.00332074]\n",
      " [-0.00206505  0.0004697   0.00084378]\n",
      " [-0.00332074  0.00084378  0.00158646]]\n",
      "SN-33: μ = 43.293 ± 0.040, s = 0.995 ± 0.022\n",
      "\n",
      "Fitting SN-34...\n",
      "Fitting with Minuit\n",
      "Chi2 = 311.9526095857409\n",
      "ndf = 17\n",
      "Fitted values:\n",
      "[ 1.16211717  0.94373155 43.13929521]\n",
      "Errors:\n",
      "[0.08300302 0.00875805 0.01867832]\n",
      "Covariance:\n",
      "[[ 6.88950101e-03 -1.94826076e-05  8.99538939e-05]\n",
      " [-1.94826076e-05  7.67034844e-05  1.49827464e-04]\n",
      " [ 8.99538939e-05  1.49827464e-04  3.48879637e-04]]\n",
      "SN-34: μ = 43.139 ± 0.019, s = 0.944 ± 0.009\n",
      "\n",
      "Fitting SN-35...\n",
      "Fitting with Minuit\n",
      "Chi2 = 785.7036958593703\n",
      "ndf = 17\n",
      "Fitted values:\n",
      "[ 1.67906789  0.92060902 41.23488437]\n",
      "Errors:\n",
      "[0.03340272 0.00441913 0.01126707]\n",
      "Covariance:\n",
      "[[1.11574197e-03 4.09102856e-07 2.16962402e-05]\n",
      " [4.09102856e-07 1.95287258e-05 4.69933742e-05]\n",
      " [2.16962402e-05 4.69933742e-05 1.26946906e-04]]\n",
      "SN-35: μ = 41.235 ± 0.011, s = 0.921 ± 0.004\n",
      "\n",
      "Fitting SN-36...\n",
      "Fitting with Minuit\n",
      "Chi2 = 158.37480937920589\n",
      "ndf = 17\n",
      "Fitted values:\n",
      "[ 1.16551458  0.97877651 43.46094552]\n",
      "Errors:\n",
      "[0.14852356 0.02196278 0.04135769]\n",
      "Covariance:\n",
      "[[ 0.02205925 -0.0018969  -0.00313475]\n",
      " [-0.0018969   0.00048236  0.00088648]\n",
      " [-0.00313475  0.00088648  0.00171046]]\n",
      "SN-36: μ = 43.461 ± 0.041, s = 0.979 ± 0.022\n",
      "\n",
      "Fitting SN-37...\n",
      "Fitting with Minuit\n",
      "Chi2 = 479.2805971792275\n",
      "ndf = 17\n",
      "Fitted values:\n",
      "[ 0.48820012  0.89679531 42.79778154]\n",
      "Errors:\n",
      "[0.93893157 0.02451286 0.04802951]\n",
      "Covariance:\n",
      "[[8.81592488e-01 2.29706996e-02 4.47593334e-02]\n",
      " [2.29706996e-02 6.00880100e-04 1.16958744e-03]\n",
      " [4.47593334e-02 1.16958744e-03 2.30683340e-03]]\n",
      "SN-37: μ = 42.798 ± 0.048, s = 0.897 ± 0.025\n",
      "\n",
      "Fitting SN-38...\n",
      "Fitting with Minuit\n",
      "Chi2 = 204.78423713958406\n",
      "ndf = 17\n",
      "Fitted values:\n",
      "[ 0.17374895  1.1673833  43.75026653]\n",
      "Errors:\n",
      "[0.22837706 0.03275198 0.05595563]\n",
      "Covariance:\n",
      "[[ 0.05215608 -0.00536255 -0.00840153]\n",
      " [-0.00536255  0.00107269  0.00180802]\n",
      " [-0.00840153  0.00180802  0.00313103]]\n",
      "SN-38: μ = 43.750 ± 0.056, s = 1.167 ± 0.033\n",
      "\n",
      "Fitting SN-39...\n",
      "Fitting with Minuit\n",
      "Chi2 = 194.40609487922876\n",
      "ndf = 17\n",
      "Fitted values:\n",
      "[-3.23445051  0.92394596 42.74279311]\n",
      "Errors:\n",
      "[0.16750283 0.01591246 0.02774751]\n",
      "Covariance:\n",
      "[[ 0.0280572  -0.00207485 -0.00283043]\n",
      " [-0.00207485  0.00025321  0.00041865]\n",
      " [-0.00283043  0.00041865  0.00076992]]\n",
      "SN-39: μ = 42.743 ± 0.028, s = 0.924 ± 0.016\n",
      "\n",
      "Fitting SN-40...\n",
      "Fitting with Minuit\n",
      "Chi2 = 124.6387373340112\n",
      "ndf = 17\n",
      "Fitted values:\n",
      "[-1.10269639  1.00729454 43.10829009]\n",
      "Errors:\n",
      "[0.17613463 0.01976295 0.03446242]\n",
      "Covariance:\n",
      "[[ 0.03102341 -0.00263773 -0.00394108]\n",
      " [-0.00263773  0.00039057  0.00066096]\n",
      " [-0.00394108  0.00066096  0.00118766]]\n",
      "SN-40: μ = 43.108 ± 0.034, s = 1.007 ± 0.020\n",
      "\n",
      "Fitting SN-41...\n",
      "Fitting with Minuit\n",
      "Chi2 = 334.4529325679894\n",
      "ndf = 17\n",
      "Fitted values:\n",
      "[ 0.1403462   0.9725092  42.09912322]\n",
      "Errors:\n",
      "[0.07694317 0.00958619 0.01937802]\n",
      "Covariance:\n",
      "[[ 5.92025170e-03 -4.59736216e-04 -7.93379496e-04]\n",
      " [-4.59736216e-04  9.18950330e-05  1.79813397e-04]\n",
      " [-7.93379496e-04  1.79813397e-04  3.75507494e-04]]\n",
      "SN-41: μ = 42.099 ± 0.019, s = 0.973 ± 0.010\n",
      "\n",
      "Fitting SN-42...\n",
      "Fitting with Minuit\n",
      "Chi2 = 144.2564241499058\n",
      "ndf = 17\n",
      "Fitted values:\n",
      "[-1.21763594  1.00298593 43.76070135]\n",
      "Errors:\n",
      "[0.18355024 0.00445495 0.01451276]\n",
      "Covariance:\n",
      "[[ 3.36906913e-02 -1.19446364e-04  9.73594185e-04]\n",
      " [-1.19446364e-04  1.98466160e-05  3.34147712e-05]\n",
      " [ 9.73594185e-04  3.34147712e-05  2.10620329e-04]]\n",
      "SN-42: μ = 43.761 ± 0.015, s = 1.003 ± 0.004\n",
      "\n",
      "Fitting SN-43...\n",
      "Fitting with Minuit\n",
      "Chi2 = 135.87647181806966\n",
      "ndf = 17\n",
      "Fitted values:\n",
      "[ 1.1673763   1.12537719 43.36764717]\n",
      "Errors:\n",
      "[0.1415777  0.02140542 0.03881353]\n",
      "Covariance:\n",
      "[[ 0.02004425 -0.00184108 -0.00304636]\n",
      " [-0.00184108  0.00045819  0.00081686]\n",
      " [-0.00304636  0.00081686  0.00150649]]\n",
      "SN-43: μ = 43.368 ± 0.039, s = 1.125 ± 0.021\n",
      "\n",
      "Fitting SN-44...\n",
      "Fitting with Minuit\n",
      "Chi2 = 61.92783049584775\n",
      "ndf = 17\n",
      "Fitted values:\n",
      "[-1.01393304  1.09794477 44.0274352 ]\n",
      "Errors:\n",
      "[0.02621425 0.00492246 0.01423828]\n",
      "Covariance:\n",
      "[[ 6.87186937e-04 -2.18441423e-06  1.68312138e-05]\n",
      " [-2.18441423e-06  2.42305750e-05  4.41330780e-05]\n",
      " [ 1.68312138e-05  4.41330780e-05  2.02728673e-04]]\n",
      "SN-44: μ = 44.027 ± 0.014, s = 1.098 ± 0.005\n",
      "\n",
      "Fitting SN-45...\n",
      "Fitting with Minuit\n",
      "Chi2 = 606.8371018416915\n",
      "ndf = 17\n",
      "Fitted values:\n",
      "[ 1.24331194  1.00365412 41.59676705]\n",
      "Errors:\n",
      "[0.04952161 0.00648253 0.01426569]\n",
      "Covariance:\n",
      "[[ 2.45238979e-03 -1.38620305e-04 -2.51912191e-04]\n",
      " [-1.38620305e-04  4.20231744e-05  8.89774977e-05]\n",
      " [-2.51912191e-04  8.89774977e-05  2.03510041e-04]]\n",
      "SN-45: μ = 41.597 ± 0.014, s = 1.004 ± 0.006\n",
      "\n",
      "Fitting SN-46...\n",
      "Fitting with Minuit\n",
      "Chi2 = 288.7583264921722\n",
      "ndf = 17\n",
      "Fitted values:\n",
      "[ 2.18686418  0.95805802 42.78825833]\n",
      "Errors:\n",
      "[0.53055583 0.01045091 0.01480304]\n",
      "Covariance:\n",
      "[[ 2.81489491e-01 -5.49233868e-03 -7.03386205e-03]\n",
      " [-5.49233868e-03  1.09221449e-04  1.41407150e-04]\n",
      " [-7.03386205e-03  1.41407150e-04  2.19129968e-04]]\n",
      "SN-46: μ = 42.788 ± 0.015, s = 0.958 ± 0.010\n",
      "\n",
      "Fitting SN-47...\n",
      "Fitting with Minuit\n",
      "Chi2 = 530.7916456578442\n",
      "ndf = 17\n",
      "Fitted values:\n",
      "[-1.71151074  0.97861652 42.05830411]\n",
      "Errors:\n",
      "[0.01515404 0.00420882 0.01031039]\n",
      "Covariance:\n",
      "[[2.29644913e-04 3.38871549e-05 7.99343904e-05]\n",
      " [3.38871549e-05 1.77142050e-05 3.87413893e-05]\n",
      " [7.99343904e-05 3.87413893e-05 1.06304114e-04]]\n",
      "SN-47: μ = 42.058 ± 0.010, s = 0.979 ± 0.004\n",
      "\n",
      "Fitting SN-48...\n",
      "Fitting with Minuit\n",
      "Chi2 = 110.0875597374066\n",
      "ndf = 17\n",
      "Fitted values:\n",
      "[-1.20901373  1.03511795 43.6541294 ]\n",
      "Errors:\n",
      "[0.27366139 0.03179047 0.05390338]\n",
      "Covariance:\n",
      "[[ 0.07489056 -0.00692385 -0.0106301 ]\n",
      " [-0.00692385  0.00101063  0.00167918]\n",
      " [-0.0106301   0.00167918  0.00290557]]\n",
      "SN-48: μ = 43.654 ± 0.054, s = 1.035 ± 0.032\n",
      "\n",
      "Fitting SN-49...\n",
      "Fitting with Minuit\n",
      "Chi2 = 201.05292130710782\n",
      "ndf = 17\n",
      "Fitted values:\n",
      "[-2.59127329  1.14224662 43.66229768]\n",
      "Errors:\n",
      "[0.33001887 0.03500017 0.05628486]\n",
      "Covariance:\n",
      "[[ 0.10891246 -0.0097235  -0.01416907]\n",
      " [-0.0097235   0.00122501  0.00193318]\n",
      " [-0.01416907  0.00193318  0.00316799]]\n",
      "SN-49: μ = 43.662 ± 0.056, s = 1.142 ± 0.035\n",
      "\n",
      "Fitting SN-50...\n",
      "Fitting with Minuit\n",
      "Chi2 = 149.7737514181764\n",
      "ndf = 17\n",
      "Fitted values:\n",
      "[-1.60738161  1.08740054 43.65813319]\n",
      "Errors:\n",
      "[0.0264947  0.00948131 0.02048116]\n",
      "Covariance:\n",
      "[[7.01969117e-04 1.95962352e-04 3.90771269e-04]\n",
      " [1.95962352e-04 8.98952430e-05 1.74910202e-04]\n",
      " [3.90771269e-04 1.74910202e-04 4.19478013e-04]]\n",
      "SN-50: μ = 43.658 ± 0.020, s = 1.087 ± 0.009\n",
      "\n",
      "Fitting SN-51...\n",
      "Fitting with Minuit\n",
      "Chi2 = 295.2285381855497\n",
      "ndf = 17\n",
      "Fitted values:\n",
      "[ 2.13022777  1.03595074 42.86213782]\n",
      "Errors:\n",
      "[0.07756479 0.01273106 0.02529217]\n",
      "Covariance:\n",
      "[[ 0.0060163  -0.00024631 -0.00040308]\n",
      " [-0.00024631  0.00016208  0.00031363]\n",
      " [-0.00040308  0.00031363  0.00063969]]\n",
      "SN-51: μ = 42.862 ± 0.025, s = 1.036 ± 0.013\n",
      "\n",
      "Fitting SN-52...\n",
      "Fitting with Minuit\n",
      "Chi2 = 173.93374596239258\n",
      "ndf = 17\n",
      "Fitted values:\n",
      "[ 2.16871663  0.89648787 43.13385622]\n",
      "Errors:\n",
      "[0.08653119 0.01373738 0.02889292]\n",
      "Covariance:\n",
      "[[ 7.48764654e-03 -6.31256860e-05 -6.19374824e-05]\n",
      " [-6.31256860e-05  1.88715627e-04  3.82557540e-04]\n",
      " [-6.19374824e-05  3.82557540e-04  8.34800980e-04]]\n",
      "SN-52: μ = 43.134 ± 0.029, s = 0.896 ± 0.014\n",
      "\n",
      "Fitting SN-53...\n",
      "Fitting with Minuit\n",
      "Chi2 = 389.76430958737546\n",
      "ndf = 17\n",
      "Fitted values:\n",
      "[-0.10733942  1.0038964  43.07712793]\n",
      "Errors:\n",
      "[0.13665921 0.01877882 0.03472186]\n",
      "Covariance:\n",
      "[[ 0.01867574 -0.00164161 -0.00265105]\n",
      " [-0.00164161  0.00035264  0.00063684]\n",
      " [-0.00265105  0.00063684  0.00120561]]\n",
      "SN-53: μ = 43.077 ± 0.035, s = 1.004 ± 0.019\n",
      "\n",
      "Fitting SN-54...\n",
      "Fitting with Minuit\n",
      "Chi2 = 464.372921703326\n",
      "ndf = 17\n",
      "Fitted values:\n",
      "[ 2.33246496  0.99822586 42.30604997]\n",
      "Errors:\n",
      "[0.04948314 0.00734578 0.01623095]\n",
      "Covariance:\n",
      "[[2.44858113e-03 1.73100908e-05 5.76324727e-05]\n",
      " [1.73100908e-05 5.39605082e-05 1.14169517e-04]\n",
      " [5.76324727e-05 1.14169517e-04 2.63443890e-04]]\n",
      "SN-54: μ = 42.306 ± 0.016, s = 0.998 ± 0.007\n",
      "\n",
      "Fitting SN-55...\n",
      "Fitting with Minuit\n",
      "Chi2 = 59.99606611436476\n",
      "ndf = 17\n",
      "Fitted values:\n",
      "[-1.12089934  0.96972817 43.79789901]\n",
      "Errors:\n",
      "[0.26800507 0.0363525  0.06340177]\n",
      "Covariance:\n",
      "[[ 0.07182672 -0.00703817 -0.01074673]\n",
      " [-0.00703817  0.0013215   0.00225422]\n",
      " [-0.01074673  0.00225422  0.00401978]]\n",
      "SN-55: μ = 43.798 ± 0.063, s = 0.970 ± 0.036\n",
      "\n",
      "Fitting SN-56...\n",
      "Fitting with Minuit\n",
      "Chi2 = 301.7317026939852\n",
      "ndf = 17\n",
      "Fitted values:\n",
      "[ 1.0731373   0.96869661 43.05749743]\n",
      "Errors:\n",
      "[0.117764   0.01745852 0.03326926]\n",
      "Covariance:\n",
      "[[ 0.01386836 -0.00115321 -0.00193013]\n",
      " [-0.00115321  0.0003048   0.00056729]\n",
      " [-0.00193013  0.00056729  0.00110684]]\n",
      "SN-56: μ = 43.057 ± 0.033, s = 0.969 ± 0.017\n",
      "\n",
      "Fitting SN-57...\n",
      "Fitting with Minuit\n",
      "Chi2 = 705.4483992155236\n",
      "ndf = 17\n",
      "Fitted values:\n",
      "[ 1.70258006  1.17932683 42.62886056]\n",
      "Errors:\n",
      "[0.01414632 0.00529784 0.01114901]\n",
      "Covariance:\n",
      "[[2.00118499e-04 6.20879503e-05 1.20313327e-04]\n",
      " [6.20879503e-05 2.80671585e-05 5.39125373e-05]\n",
      " [1.20313327e-04 5.39125373e-05 1.24300405e-04]]\n",
      "SN-57: μ = 42.629 ± 0.011, s = 1.179 ± 0.005\n",
      "\n",
      "Fitting SN-58...\n",
      "Fitting with Minuit\n",
      "Chi2 = 464.59036237890143\n",
      "ndf = 17\n",
      "Fitted values:\n",
      "[ 2.18066379  1.00691738 42.18383962]\n",
      "Errors:\n",
      "[0.0447207  0.00663651 0.01508397]\n",
      "Covariance:\n",
      "[[1.99994102e-03 4.86850895e-06 3.74326543e-05]\n",
      " [4.86850895e-06 4.40432197e-05 9.55728737e-05]\n",
      " [3.74326543e-05 9.55728737e-05 2.27526169e-04]]\n",
      "SN-58: μ = 42.184 ± 0.015, s = 1.007 ± 0.007\n",
      "\n",
      "Fitting SN-59...\n",
      "Fitting with Minuit\n",
      "Chi2 = 75.71176619129024\n",
      "ndf = 17\n",
      "Fitted values:\n",
      "[-0.57316429  0.8852936  43.70455068]\n",
      "Errors:\n",
      "[0.04180218 0.02150888 0.04342759]\n",
      "Covariance:\n",
      "[[ 0.00174742 -0.00015527 -0.0002587 ]\n",
      " [-0.00015527  0.00046263  0.00089858]\n",
      " [-0.0002587   0.00089858  0.00188596]]\n",
      "SN-59: μ = 43.705 ± 0.043, s = 0.885 ± 0.022\n",
      "\n",
      "Fitting SN-60...\n",
      "Fitting with Minuit\n",
      "Chi2 = 96.30744601109558\n",
      "ndf = 17\n",
      "Fitted values:\n",
      "[-1.01162193  1.04578425 43.78915561]\n",
      "Errors:\n",
      "[0.28698577 0.03438409 0.0582834 ]\n",
      "Covariance:\n",
      "[[ 0.08236083 -0.00766026 -0.01166764]\n",
      " [-0.00766026  0.00118227  0.00196347]\n",
      " [-0.01166764  0.00196347  0.00339696]]\n",
      "SN-60: μ = 43.789 ± 0.058, s = 1.046 ± 0.034\n",
      "\n",
      "Fitting SN-61...\n",
      "Fitting with Minuit\n",
      "Chi2 = 371.1916395746456\n",
      "ndf = 17\n",
      "Fitted values:\n",
      "[-2.16654456  1.06214693 43.10220157]\n",
      "Errors:\n",
      "[0.01304048 0.00493929 0.01192571]\n",
      "Covariance:\n",
      "[[1.70054141e-04 5.25958575e-05 1.06556359e-04]\n",
      " [5.25958575e-05 2.43966346e-05 4.85215021e-05]\n",
      " [1.06556359e-04 4.85215021e-05 1.42222539e-04]]\n",
      "SN-61: μ = 43.102 ± 0.012, s = 1.062 ± 0.005\n",
      "\n",
      "Fitting SN-62...\n",
      "Fitting with Minuit\n",
      "Chi2 = 315.65061031632706\n",
      "ndf = 17\n",
      "Fitted values:\n",
      "[ 1.49849143  0.98186992 43.02005487]\n",
      "Errors:\n",
      "[0.08371958 0.0134527  0.02738836]\n",
      "Covariance:\n",
      "[[ 0.00700897 -0.00039082 -0.00067254]\n",
      " [-0.00039082  0.00018098  0.00035741]\n",
      " [-0.00067254  0.00035741  0.00075012]]\n",
      "SN-62: μ = 43.020 ± 0.027, s = 0.982 ± 0.013\n",
      "\n",
      "Fitting SN-63...\n",
      "Fitting with Minuit\n",
      "Chi2 = 860.0325742825773\n",
      "ndf = 17\n",
      "Fitted values:\n",
      "[ 0.56520147  1.02346107 41.557147  ]\n",
      "Errors:\n",
      "[0.05216483 0.00662488 0.01430774]\n",
      "Covariance:\n",
      "[[ 2.72116985e-03 -1.49563717e-04 -2.50628570e-04]\n",
      " [-1.49563717e-04  4.38890613e-05  9.11208718e-05]\n",
      " [-2.50628570e-04  9.11208718e-05  2.04711529e-04]]\n",
      "SN-63: μ = 41.557 ± 0.014, s = 1.023 ± 0.007\n",
      "\n",
      "Fitting SN-64...\n",
      "Fitting with Minuit\n",
      "Chi2 = 217.0957277471006\n",
      "ndf = 17\n",
      "Fitted values:\n",
      "[-1.84068170e-02  1.07314248e+00  4.35476177e+01]\n",
      "Errors:\n",
      "[0.19622026 0.02746382 0.04854011]\n",
      "Covariance:\n",
      "[[ 0.03850239 -0.00379276 -0.00610141]\n",
      " [-0.00379276  0.00075426  0.00131054]\n",
      " [-0.00610141  0.00131054  0.00235614]]\n",
      "SN-64: μ = 43.548 ± 0.049, s = 1.073 ± 0.027\n",
      "\n",
      "Fitting SN-65...\n",
      "Fitting with Minuit\n",
      "Chi2 = 478.31426895698297\n",
      "ndf = 17\n",
      "Fitted values:\n",
      "[-1.56126955  0.88846052 41.97670939]\n",
      "Errors:\n",
      "[0.08012543 0.00868322 0.01779545]\n",
      "Covariance:\n",
      "[[ 6.42008382e-03 -4.55303360e-04 -7.35922413e-04]\n",
      " [-4.55303360e-04  7.53983119e-05  1.47135987e-04]\n",
      " [-7.35922413e-04  1.47135987e-04  3.16678139e-04]]\n",
      "SN-65: μ = 41.977 ± 0.018, s = 0.888 ± 0.009\n",
      "\n",
      "Fitting SN-66...\n",
      "Fitting with Minuit\n",
      "Chi2 = 167.0590521302009\n",
      "ndf = 17\n",
      "Fitted values:\n",
      "[-0.61680575  1.05359211 43.59134506]\n",
      "Errors:\n",
      "[0.01785195 0.00828671 0.01807735]\n",
      "Covariance:\n",
      "[[3.18692227e-04 1.31455071e-04 2.53455836e-04]\n",
      " [1.31455071e-04 6.86696242e-05 1.31456056e-04]\n",
      " [2.53455836e-04 1.31456056e-04 3.26790611e-04]]\n",
      "SN-66: μ = 43.591 ± 0.018, s = 1.054 ± 0.008\n",
      "\n",
      "Fitting SN-67...\n",
      "Fitting with Minuit\n",
      "Chi2 = 210.9797128669316\n",
      "ndf = 17\n",
      "Fitted values:\n",
      "[-0.30628065  1.17542107 43.78490547]\n",
      "Errors:\n",
      "[0.25930143 0.03399712 0.05759881]\n",
      "Covariance:\n",
      "[[ 0.06723723 -0.00686936 -0.01082461]\n",
      " [-0.00686936  0.0011558   0.00193208]\n",
      " [-0.01082461  0.00193208  0.00331762]]\n",
      "SN-67: μ = 43.785 ± 0.058, s = 1.175 ± 0.034\n",
      "\n",
      "Fitting SN-68...\n",
      "Fitting with Minuit\n",
      "Chi2 = 382.43135501099437\n",
      "ndf = 17\n",
      "Fitted values:\n",
      "[ 1.54374752  0.91209979 42.53224999]\n",
      "Errors:\n",
      "[0.06745009 0.00954973 0.02056119]\n",
      "Covariance:\n",
      "[[ 4.54951456e-03 -2.17271104e-04 -3.78275499e-04]\n",
      " [-2.17271104e-04  9.11972902e-05  1.88702160e-04]\n",
      " [-3.78275499e-04  1.88702160e-04  4.22762653e-04]]\n",
      "SN-68: μ = 42.532 ± 0.021, s = 0.912 ± 0.010\n",
      "\n",
      "Fitting SN-69...\n",
      "Fitting with Minuit\n",
      "Chi2 = 599.653255743043\n",
      "ndf = 17\n",
      "Fitted values:\n",
      "[ 0.97724442  1.06623526 42.52878706]\n",
      "Errors:\n",
      "[0.22444939 0.03321399 0.03983833]\n",
      "Covariance:\n",
      "[[ 0.05037753 -0.00743421 -0.00886962]\n",
      " [-0.00743421  0.00110317  0.00131677]\n",
      " [-0.00886962  0.00131677  0.00158709]]\n",
      "SN-69: μ = 42.529 ± 0.040, s = 1.066 ± 0.033\n",
      "\n",
      "Fitting SN-70...\n",
      "Fitting with Minuit\n",
      "Chi2 = 60.85269645029053\n",
      "ndf = 17\n",
      "Fitted values:\n",
      "[ 1.76525256  1.0838659  44.4325474 ]\n",
      "Errors:\n",
      "[0.30046238 0.05590359 0.09918884]\n",
      "Covariance:\n",
      "[[ 0.09027764 -0.00939899 -0.01571991]\n",
      " [-0.00939899  0.00312521  0.00548248]\n",
      " [-0.01571991  0.00548248  0.00983843]]\n",
      "SN-70: μ = 44.433 ± 0.099, s = 1.084 ± 0.056\n",
      "\n",
      "Fitting SN-71...\n",
      "Fitting with Minuit\n",
      "Chi2 = 227.57234478067627\n",
      "ndf = 17\n",
      "Fitted values:\n",
      "[ 1.99156243  1.01255038 43.56286158]\n",
      "Errors:\n",
      "[0.11681545 0.02141984 0.04164901]\n",
      "Covariance:\n",
      "[[ 0.01364585 -0.00038161 -0.00056537]\n",
      " [-0.00038161  0.00045881  0.00087224]\n",
      " [-0.00056537  0.00087224  0.00173464]]\n",
      "SN-71: μ = 43.563 ± 0.042, s = 1.013 ± 0.021\n",
      "\n",
      "Fitting SN-72...\n",
      "Fitting with Minuit\n",
      "Chi2 = 744.6487724460069\n",
      "ndf = 17\n",
      "Fitted values:\n",
      "[ 2.68990278  0.88743617 41.91740667]\n",
      "Errors:\n",
      "[0.0369375  0.00503929 0.01283989]\n",
      "Covariance:\n",
      "[[1.36437886e-03 5.08978233e-05 1.23050209e-04]\n",
      " [5.08978233e-05 2.53944647e-05 6.06165991e-05]\n",
      " [1.23050209e-04 6.06165991e-05 1.64862818e-04]]\n",
      "SN-72: μ = 41.917 ± 0.013, s = 0.887 ± 0.005\n",
      "\n",
      "Fitting SN-73...\n",
      "Fitting with Minuit\n",
      "Chi2 = 137.84241219593864\n",
      "ndf = 17\n",
      "Fitted values:\n",
      "[-1.43436446  1.12897215 43.4087079 ]\n",
      "Errors:\n",
      "[0.20767612 0.02514851 0.04288067]\n",
      "Covariance:\n",
      "[[ 0.04312937 -0.00397066 -0.00598092]\n",
      " [-0.00397066  0.00063245  0.00105575]\n",
      " [-0.00598092  0.00105575  0.00183875]]\n",
      "SN-73: μ = 43.409 ± 0.043, s = 1.129 ± 0.025\n",
      "\n",
      "Fitting SN-74...\n",
      "Fitting with Minuit\n",
      "Chi2 = 293.02515018678037\n",
      "ndf = 17\n",
      "Fitted values:\n",
      "[-1.23100375  0.89964972 42.45983063]\n",
      "Errors:\n",
      "[0.09925432 0.01134111 0.0225063 ]\n",
      "Covariance:\n",
      "[[ 0.00985142 -0.0007782  -0.00129132]\n",
