{
 "cells": [
  {
   "cell_type": "markdown",
   "id": "8a966113",
   "metadata": {},
   "source": [
    "## SN3 - Minuit section"
   ]
  },
  {
   "cell_type": "markdown",
   "id": "82780fc4",
   "metadata": {},
   "source": [
    "### Import libraries"
   ]
  },
  {
   "cell_type": "code",
   "execution_count": 2,
   "id": "ea0be856",
   "metadata": {},
   "outputs": [],
   "source": [
    "# Classic libraries\n",
    "import sys\n",
    "from pylab import *\n",
    "import numpy as np\n",
    "from matplotlib import rc\n",
    "import os\n",
    "\n",
    "# Specific libraries\n",
    "import cosmolib as cs\n",
    "\n",
    "# Visuals\n",
    "rc('figure',figsize=(10,5))\n",
    "rc('font',size=12)\n",
    "rc('text',usetex=False)"
   ]
  },
  {
   "cell_type": "markdown",
   "id": "3db4e627",
   "metadata": {},
   "source": [
    "# Fit using minuit"
   ]
  },
  {
   "cell_type": "markdown",
   "id": "ee490c39",
   "metadata": {},
   "source": [
    "### Use of minuit on our data\n",
    "\n",
    "pars : list of parameters (t0 : time of maximum brightness, s : stretch parameter, mu : distance modulus)\n",
    "\n",
    "Input : (Datas in general)\n",
    "- Graph X x Y\n",
    "- Variance of Y\n",
    "- initial guess (here we use \"np.array([0.,1.,mu_guess])\") [arbitrary values]\n",
    "- functname (here we use interpolation)\n",
    "\n",
    "Output : (Fitting with Minuit)\n",
    "- chi2\n",
    "- ndf\n",
    "- Fitted values\n",
    "- errors\n",
    "- Covariance\n",
    "\n",
    "musn1a(z : redshift, cosmo : list of cosmological paramteres) return distance modulus\n"
   ]
  },
  {
   "cell_type": "code",
   "execution_count": 54,
   "id": "131a6707",
   "metadata": {},
   "outputs": [
    {
     "name": "stdout",
     "output_type": "stream",
     "text": [
      "Fitting individual supernova lightcurves...\n",
      "Fitting SN-0...\n",
      "Fitting with Minuit\n",
      "Chi2 = 99.9846909974442\n",
      "ndf = 17\n",
      "Fitted values:\n",
      "[-0.08067232  1.03531584 43.63954354]\n",
      "Errors:\n",
      "[0.05580366 0.00717269 0.01594977]\n",
      "Covariance:\n",
      "[[ 3.11404881e-03 -1.14113354e-04 -1.32636874e-04]\n",
      " [-1.14113354e-04  5.14475154e-05  9.33764522e-05]\n",
      " [-1.32636874e-04  9.33764522e-05  2.54395253e-04]]\n",
      "SN-0: μ = 43.640 ± 0.016, s = 1.035 ± 0.007\n",
      "\n",
      "Fitting SN-1...\n",
      "Fitting with Minuit\n",
      "Chi2 = 330.8213110405941\n",
      "ndf = 17\n",
      "Fitted values:\n",
      "[ 3.19268192  0.94784551 41.9563722 ]\n",
      "Errors:\n",
      "[0.03832005 0.00534983 0.01306895]\n",
      "Covariance:\n",
      "[[1.46842637e-03 5.71990955e-05 1.33723810e-04]\n",
      " [5.71990955e-05 2.86206609e-05 6.59529935e-05]\n",
      " [1.33723810e-04 6.59529935e-05 1.70797495e-04]]\n",
      "SN-1: μ = 41.956 ± 0.013, s = 0.948 ± 0.005\n",
      "\n",
      "Fitting SN-2...\n",
      "Fitting with Minuit\n",
      "Chi2 = 100.56169541715722\n",
      "ndf = 17\n",
      "Fitted values:\n",
      "[-2.08965914  1.13504374 43.76609679]\n",
      "Errors:\n",
      "[0.33492171 0.03816226 0.06130562]\n",
      "Covariance:\n",
      "[[ 0.11217255 -0.01069654 -0.01554091]\n",
      " [-0.01069654  0.00145636  0.00229719]\n",
      " [-0.01554091  0.00229719  0.00375838]]\n",
      "SN-2: μ = 43.766 ± 0.061, s = 1.135 ± 0.038\n",
      "\n",
      "Fitting SN-3...\n",
      "Fitting with Minuit\n",
      "Chi2 = 81.66070281075929\n",
      "ndf = 17\n",
      "Fitted values:\n",
      "[-0.36766701  0.99456712 44.16901232]\n",
      "Errors:\n",
      "[0.02410662 0.01265177 0.0275166 ]\n",
      "Covariance:\n",
      "[[0.00058113 0.0002263  0.00043016]\n",
      " [0.0002263  0.00016007 0.00029978]\n",
      " [0.00043016 0.00029978 0.00075716]]\n",
      "SN-3: μ = 44.169 ± 0.028, s = 0.995 ± 0.013\n",
      "\n",
      "Fitting SN-4...\n",
      "Fitting with Minuit\n",
      "Chi2 = 1792.9123714975306\n",
      "ndf = 17\n",
      "Fitted values:\n",
      "[ 0.65840512  1.01147732 39.95853813]\n",
      "Errors:\n",
      "[0.03138025 0.00373423 0.00957088]\n",
      "Covariance:\n",
      "[[ 9.84720029e-04 -2.29914398e-05 -2.64468784e-05]\n",
      " [-2.29914398e-05  1.39444832e-05  3.37863266e-05]\n",
      " [-2.64468784e-05  3.37863266e-05  9.16018081e-05]]\n",
      "SN-4: μ = 39.959 ± 0.010, s = 1.011 ± 0.004\n",
      "\n",
      "Fitting SN-5...\n",
      "Fitting with Minuit\n",
      "Chi2 = 1179.8067399300733\n",
      "ndf = 17\n",
      "Fitted values:\n",
      "[-1.22736478  0.90918517 41.32492839]\n",
      "Errors:\n",
      "[0.06451856 0.00612723 0.01327134]\n",
      "Covariance:\n",
      "[[ 4.16264416e-03 -2.58424610e-04 -4.30399039e-04]\n",
      " [-2.58424610e-04  3.75429002e-05  7.67296123e-05]\n",
      " [-4.30399039e-04  7.67296123e-05  1.76128552e-04]]\n",
      "SN-5: μ = 41.325 ± 0.013, s = 0.909 ± 0.006\n",
      "\n",
      "Fitting SN-6...\n",
      "Fitting with Minuit\n",
      "Chi2 = 427.7176136652305\n",
      "ndf = 17\n",
      "Fitted values:\n",
      "[ 1.60483318  1.02751612 42.54652574]\n",
      "Errors:\n",
      "[0.06514011 0.01066614 0.02176256]\n",
      "Covariance:\n",
      "[[ 0.00424323 -0.00019812 -0.00032805]\n",
      " [-0.00019812  0.00011377  0.00022571]\n",
      " [-0.00032805  0.00022571  0.00047361]]\n",
      "SN-6: μ = 42.547 ± 0.022, s = 1.028 ± 0.011\n",
      "\n",
      "Fitting SN-7...\n",
      "Fitting with Minuit\n",
      "Chi2 = 306.91382578121295\n",
      "ndf = 17\n",
      "Fitted values:\n",
      "[-0.82702762  0.85133984 42.25873728]\n",
      "Errors:\n",
      "[0.08158706 0.00950212 0.01986943]\n",
      "Covariance:\n",
      "[[ 6.65644797e-03 -4.70996383e-04 -7.94527703e-04]\n",
      " [-4.70996383e-04  9.02903749e-05  1.80236734e-04]\n",
      " [-7.94527703e-04  1.80236734e-04  3.94794288e-04]]\n",
      "SN-7: μ = 42.259 ± 0.020, s = 0.851 ± 0.010\n",
      "\n",
      "Fitting SN-8...\n",
      "Fitting with Minuit\n",
      "Chi2 = 394.82849338104296\n",
      "ndf = 17\n",
      "Fitted values:\n",
      "[ 1.93204772  0.99971124 42.509304  ]\n",
      "Errors:\n",
      "[0.00544372 0.00152439 0.00588462]\n",
      "Covariance:\n",
      "[[ 2.96341034e-05 -3.09049652e-08  3.14490757e-07]\n",
      " [-3.09049652e-08  2.32375699e-06  4.68837639e-06]\n",
      " [ 3.14490757e-07  4.68837639e-06  3.46286960e-05]]\n",
      "SN-8: μ = 42.509 ± 0.006, s = 1.000 ± 0.002\n",
      "\n",
      "Fitting SN-9...\n",
      "Fitting with Minuit\n",
      "Chi2 = 352.65528412749217\n",
      "ndf = 17\n",
      "Fitted values:\n",
      "[-1.61282165  0.89427822 42.72087738]\n",
      "Errors:\n",
      "[0.75130939 0.02381257 0.00543348]\n",
      "Covariance:\n",
      "[[ 5.64465801e-01 -1.78665301e-02 -3.16142767e-03]\n",
      " [-1.78665301e-02  5.67038631e-04  1.00886660e-04]\n",
      " [-3.16142767e-03  1.00886660e-04  2.95226955e-05]]\n",
      "SN-9: μ = 42.721 ± 0.005, s = 0.894 ± 0.024\n",
      "\n",
      "Fitting SN-10...\n",
      "Fitting with Minuit\n",
      "Chi2 = 105.61508219196543\n",
      "ndf = 17\n",
      "Fitted values:\n",
      "[ 0.34094468  0.9933985  43.63846948]\n",
      "Errors:\n",
      "[0.20346637 0.0266606  0.04804912]\n",
      "Covariance:\n",
      "[[ 0.04139856 -0.00365573 -0.00587147]\n",
      " [-0.00365573  0.00071079  0.00125166]\n",
      " [-0.00587147  0.00125166  0.00230872]]\n",
      "SN-10: μ = 43.638 ± 0.048, s = 0.993 ± 0.027\n",
      "\n",
      "Fitting SN-11...\n",
      "Fitting with Minuit\n",
      "Chi2 = 110.65988258403449\n",
      "ndf = 17\n",
      "Fitted values:\n",
      "[ 0.76537285  0.94715058 43.76959064]\n",
      "Errors:\n",
      "[0.19897422 0.03273647 0.06031172]\n",
      "Covariance:\n",
      "[[ 0.03959074 -0.00381472 -0.00629358]\n",
      " [-0.00381472  0.00107168  0.00193802]\n",
      " [-0.00629358  0.00193802  0.0036375 ]]\n",
      "SN-11: μ = 43.770 ± 0.060, s = 0.947 ± 0.033\n",
      "\n",
      "Fitting SN-12...\n",
      "Fitting with Minuit\n",
      "Chi2 = 459.45722375147756\n",
      "ndf = 17\n",
      "Fitted values:\n",
      "[-1.7773156   1.12211623 43.01260968]\n",
      "Errors:\n",
      "[0.17319575 0.01975529 0.03403004]\n",
      "Covariance:\n",
      "[[ 0.02999677 -0.00269256 -0.00411436]\n",
      " [-0.00269256  0.00039027  0.00065715]\n",
      " [-0.00411436  0.00065715  0.00115804]]\n",
      "SN-12: μ = 43.013 ± 0.034, s = 1.122 ± 0.020\n",
      "\n",
      "Fitting SN-13...\n",
      "Fitting with Minuit\n",
      "Chi2 = 183.01341936495334\n",
      "ndf = 17\n",
      "Fitted values:\n",
      "[-2.01750216  1.05093371 43.18491055]\n",
      "Errors:\n",
      "[0.01753918 0.00653511 0.01490212]\n",
      "Covariance:\n",
      "[[3.07622729e-04 9.49096160e-05 1.93863793e-04]\n",
      " [9.49096160e-05 4.27076803e-05 8.57083122e-05]\n",
      " [1.93863793e-04 8.57083122e-05 2.22073131e-04]]\n",
      "SN-13: μ = 43.185 ± 0.015, s = 1.051 ± 0.007\n",
      "\n",
      "Fitting SN-14...\n",
      "Fitting with Minuit\n",
      "Chi2 = 125.57977772169866\n",
      "ndf = 17\n",
      "Fitted values:\n",
      "[ 0.32253006  0.90591969 43.02082213]\n",
      "Errors:\n",
      "[0.11314498 0.01645455 0.03236555]\n",
      "Covariance:\n",
      "[[ 0.01280179 -0.00106581 -0.00183   ]\n",
      " [-0.00106581  0.00027075  0.00051784]\n",
      " [-0.00183     0.00051784  0.00104753]]\n",
      "SN-14: μ = 43.021 ± 0.032, s = 0.906 ± 0.016\n",
      "\n",
      "Fitting SN-15...\n",
      "Fitting with Minuit\n",
      "Chi2 = 200.4725304322728\n",
      "ndf = 17\n",
      "Fitted values:\n",
      "[-0.11144217  1.16635082 43.55890723]\n",
      "Errors:\n",
      "[0.21762095 0.02902669 0.04964035]\n",
      "Covariance:\n",
      "[[ 0.04735888 -0.00479328 -0.00758046]\n",
      " [-0.00479328  0.00084255  0.00142111]\n",
      " [-0.00758046  0.00142111  0.00246416]]\n",
      "SN-15: μ = 43.559 ± 0.050, s = 1.166 ± 0.029\n",
      "\n",
      "Fitting SN-16...\n",
      "Fitting with Minuit\n",
      "Chi2 = 69.05725933539313\n",
      "ndf = 17\n",
      "Fitted values:\n",
      "[ 1.61096977  0.948242   43.84581493]\n",
      "Errors:\n",
      "[0.19294431 0.03003438 0.05681451]\n",
      "Covariance:\n",
      "[[ 0.03722751 -0.00325232 -0.00561988]\n",
      " [-0.00325232  0.00090206  0.00166971]\n",
      " [-0.00561988  0.00166971  0.00322789]]\n",
      "SN-16: μ = 43.846 ± 0.057, s = 0.948 ± 0.030\n",
      "\n",
      "Fitting SN-17...\n",
      "Fitting with Minuit\n",
      "Chi2 = 326.62477628069644\n",
      "ndf = 17\n",
      "Fitted values:\n",
      "[-1.50456724  1.16232697 43.65072492]\n",
      "Errors:\n",
      "[0.02585192 0.01052272 0.02163863]\n",
      "Covariance:\n",
      "[[0.00066832 0.00024872 0.0004778 ]\n",
      " [0.00024872 0.00011073 0.00021121]\n",
      " [0.0004778  0.00021121 0.00046823]]\n",
      "SN-17: μ = 43.651 ± 0.022, s = 1.162 ± 0.011\n",
      "\n",
      "Fitting SN-18...\n",
      "Fitting with Minuit\n",
      "Chi2 = 94.58697467052863\n",
      "ndf = 17\n",
      "Fitted values:\n",
      "[-0.36761386  0.95904947 43.76266305]\n",
      "Errors:\n",
      "[0.06456281 0.00891083 0.02106456]\n",
      "Covariance:\n",
      "[[4.16835678e-03 2.98146022e-04 6.83413084e-04]\n",
      " [2.98146022e-04 7.94028784e-05 1.59477682e-04]\n",
      " [6.83413084e-04 1.59477682e-04 4.43715821e-04]]\n",
      "SN-18: μ = 43.763 ± 0.021, s = 0.959 ± 0.009\n",
      "\n",
      "Fitting SN-19...\n",
      "Fitting with Minuit\n",
      "Chi2 = 68.2342006147473\n",
      "ndf = 17\n",
      "Fitted values:\n",
      "[-1.31599373  0.95270296 43.81040059]\n",
      "Errors:\n",
      "[0.28466022 0.03567976 0.06226561]\n",
      "Covariance:\n",
      "[[ 0.08103144 -0.00768631 -0.01181285]\n",
      " [-0.00768631  0.00127305  0.00216755]\n",
      " [-0.01181285  0.00216755  0.00387701]]\n",
      "SN-19: μ = 43.810 ± 0.062, s = 0.953 ± 0.036\n",
      "\n",
      "Fitting SN-20...\n",
      "Fitting with Minuit\n",
      "Chi2 = 526.1676887573974\n",
      "ndf = 17\n",
      "Fitted values:\n",
      "[-2.83431798  1.02176798 42.17113856]\n",
      "Errors:\n",
      "[0.01044189 0.00365233 0.00931692]\n",
      "Covariance:\n",
      "[[1.09032987e-04 2.93961789e-05 6.66354881e-05]\n",
      " [2.93961789e-05 1.33395130e-05 2.93081333e-05]\n",
      " [6.66354881e-05 2.93081333e-05 8.68049888e-05]]\n",
      "SN-20: μ = 42.171 ± 0.009, s = 1.022 ± 0.004\n",
      "\n",
      "Fitting SN-21...\n",
      "Fitting with Minuit\n",
      "Chi2 = 325.12546469923717\n",
      "ndf = 17\n",
      "Fitted values:\n",
      "[-2.75229401  1.09921964 42.94235697]\n",
      "Errors:\n",
      "[0.19077952 0.01911352 0.03186908]\n",
      "Covariance:\n",
      "[[ 0.03639683 -0.00291711 -0.00411666]\n",
      " [-0.00291711  0.00036533  0.00058967]\n",
      " [-0.00411666  0.00058967  0.00101564]]\n",
      "SN-21: μ = 42.942 ± 0.032, s = 1.099 ± 0.019\n",
      "\n",
      "Fitting SN-22...\n",
      "Fitting with Minuit\n",
      "Chi2 = 329.33658348147367\n",
      "ndf = 17\n",
      "Fitted values:\n",
      "[ 0.51214046  0.99857561 42.81870018]\n",
      "Errors:\n",
      "[0.10312732 0.0146992  0.0283928 ]\n",
      "Covariance:\n",
      "[[ 0.01063524 -0.00089404 -0.00151034]\n",
      " [-0.00089404  0.00021607  0.00040697]\n",
      " [-0.00151034  0.00040697  0.00080615]]\n",
      "SN-22: μ = 42.819 ± 0.028, s = 0.999 ± 0.015\n",
      "\n",
      "Fitting SN-23...\n",
      "Fitting with Minuit\n",
      "Chi2 = 266.2607754759186\n",
      "ndf = 17\n",
      "Fitted values:\n",
      "[-1.33900567  1.1440489  43.23744063]\n",
      "Errors:\n",
      "[0.20467159 0.02367801 0.04002557]\n",
      "Covariance:\n",
      "[[ 0.04189046 -0.00387239 -0.00594275]\n",
      " [-0.00387239  0.00056065  0.00093057]\n",
      " [-0.00594275  0.00093057  0.00160205]]\n",
      "SN-23: μ = 43.237 ± 0.040, s = 1.144 ± 0.024\n",
      "\n",
      "Fitting SN-24...\n",
      "Fitting with Minuit\n",
      "Chi2 = 556.7998384962157\n",
      "ndf = 17\n",
      "Fitted values:\n",
      "[-1.04337746  0.89788533 42.05405115]\n",
      "Errors:\n",
      "[0.08542352 0.00940843 0.01901232]\n",
      "Covariance:\n",
      "[[ 7.29717697e-03 -5.47293140e-04 -9.13588184e-04]\n",
      " [-5.47293140e-04  8.85186227e-05  1.71467377e-04]\n",
      " [-9.13588184e-04  1.71467377e-04  3.61468201e-04]]\n",
      "SN-24: μ = 42.054 ± 0.019, s = 0.898 ± 0.009\n",
      "\n",
      "Fitting SN-25...\n",
      "Fitting with Minuit\n",
      "Chi2 = 19.00204881078334\n",
      "ndf = 17\n",
      "Fitted values:\n",
      "[ 2.20218963  0.9703668  43.86576556]\n",
      "Errors:\n",
      "[0.15087411 0.02501282 0.04855128]\n",
      "Covariance:\n",
      "[[ 0.022763   -0.00090606 -0.00149095]\n",
      " [-0.00090606  0.00062564  0.00118187]\n",
      " [-0.00149095  0.00118187  0.00235723]]\n",
      "SN-25: μ = 43.866 ± 0.049, s = 0.970 ± 0.025\n",
      "\n",
      "Fitting SN-26...\n",
      "Fitting with Minuit\n",
      "Chi2 = 300.0170906162978\n",
      "ndf = 17\n",
      "Fitted values:\n",
      "[ 1.26401302  1.08061041 43.23633517]\n",
      "Errors:\n",
      "[0.10839693 0.00497258 0.0113609 ]\n",
      "Covariance:\n",
      "[[ 1.17498954e-02 -8.21161620e-05  6.47208461e-05]\n",
      " [-8.21161620e-05  2.47265743e-05  4.47451965e-05]\n",
      " [ 6.47208461e-05  4.47451965e-05  1.29070043e-04]]\n",
      "SN-26: μ = 43.236 ± 0.011, s = 1.081 ± 0.005\n",
      "\n",
      "Fitting SN-27...\n",
      "Fitting with Minuit\n",
      "Chi2 = 350.05870633136834\n",
      "ndf = 17\n",
      "Fitted values:\n",
      "[ 1.72450526  1.100712   42.59519518]\n",
      "Errors:\n",
      "[0.07019218 0.0108151  0.02147691]\n",
      "Covariance:\n",
      "[[ 0.00492694 -0.00029798 -0.00051096]\n",
      " [-0.00029798  0.00011697  0.0002262 ]\n",
      " [-0.00051096  0.0002262   0.00046126]]\n",
      "SN-27: μ = 42.595 ± 0.021, s = 1.101 ± 0.011\n",
      "\n",
      "Fitting SN-28...\n",
      "Fitting with Minuit\n",
      "Chi2 = 186.51584341901096\n",
      "ndf = 17\n",
      "Fitted values:\n",
      "[ 1.77676403  1.00756503 43.51731597]\n",
      "Errors:\n",
      "[0.14573185 0.02438775 0.04585084]\n",
      "Covariance:\n",
      "[[ 0.02123777 -0.00188663 -0.00323526]\n",
      " [-0.00188663  0.00059476  0.00109791]\n",
      " [-0.00323526  0.00109791  0.0021023 ]]\n",
      "SN-28: μ = 43.517 ± 0.046, s = 1.008 ± 0.024\n",
      "\n",
      "Fitting SN-29...\n",
      "Fitting with Minuit\n",
      "Chi2 = 58.497697289019456\n",
      "ndf = 17\n",
      "Fitted values:\n",
      "[ 2.33203693  0.96830004 43.72432622]\n",
      "Errors:\n",
      "[0.13911715 0.02218946 0.04324113]\n",
      "Covariance:\n",
      "[[ 0.01935358 -0.00078044 -0.00128488]\n",
      " [-0.00078044  0.00049237  0.00093261]\n",
      " [-0.00128488  0.00093261  0.0018698 ]]\n",
      "SN-29: μ = 43.724 ± 0.043, s = 0.968 ± 0.022\n",
      "\n",
      "Fitting SN-30...\n",
      "Fitting with Minuit\n",
      "Chi2 = 164.08086499420293\n",
      "ndf = 17\n",
      "Fitted values:\n",
      "[ 2.85304413  1.08633891 43.70209525]\n",
      "Errors:\n",
      "[0.12231168 0.02247667 0.04284651]\n",
      "Covariance:\n",
      "[[ 0.01496015 -0.00063965 -0.00105393]\n",
      " [-0.00063965  0.0005052   0.00094348]\n",
      " [-0.00105393  0.00094348  0.00183582]]\n",
      "SN-30: μ = 43.702 ± 0.043, s = 1.086 ± 0.022\n",
      "\n",
      "Fitting SN-31...\n",
      "Fitting with Minuit\n",
      "Chi2 = 706.9761341823609\n",
      "ndf = 17\n",
      "Fitted values:\n",
      "[ 0.77242339  0.94805763 41.01255492]\n",
      "Errors:\n",
      "[0.01394729 0.00190981 0.00590133]\n",
      "Covariance:\n",
      "[[1.94526903e-04 1.90750443e-05 5.01872911e-05]\n",
      " [1.90750443e-05 3.64737707e-06 9.10440424e-06]\n",
      " [5.01872911e-05 9.10440424e-06 3.48256594e-05]]\n",
      "SN-31: μ = 41.013 ± 0.006, s = 0.948 ± 0.002\n",
      "\n",
      "Fitting SN-32...\n",
      "Fitting with Minuit\n",
      "Chi2 = 66.92916505137474\n",
      "ndf = 17\n",
      "Fitted values:\n",
      "[-3.45450027  1.16872002 43.71674658]\n",
      "Errors:\n",
      "[0.48147264 0.04372455 0.06449505]\n",
      "Covariance:\n",
      "[[ 0.2318159  -0.01879487 -0.02501832]\n",
      " [-0.01879487  0.00191184  0.00276065]\n",
      " [-0.02501832  0.00276065  0.00415961]]\n",
      "SN-32: μ = 43.717 ± 0.064, s = 1.169 ± 0.044\n",
      "\n",
      "Fitting SN-33...\n",
      "Fitting with Minuit\n",
      "Chi2 = 146.17519026279848\n",
      "ndf = 17\n",
      "Fitted values:\n",
      "[-0.12230909  0.99562891 43.29295496]\n",
      "Errors:\n",
      "[0.15198115 0.02168028 0.03984195]\n",
      "Covariance:\n",
      "[[ 0.02309827 -0.0020666  -0.00332326]\n",
      " [-0.0020666   0.00047003  0.00084434]\n",
      " [-0.00332326  0.00084434  0.00158738]]\n",
      "SN-33: μ = 43.293 ± 0.040, s = 0.996 ± 0.022\n",
      "\n",
      "Fitting SN-34...\n",
      "Fitting with Minuit\n",
      "Chi2 = 311.9525994735803\n",
      "ndf = 17\n",
      "Fitted values:\n",
      "[ 1.16194394  0.94370294 43.13925508]\n",
      "Errors:\n",
      "[0.08300534 0.00388387 0.01068376]\n",
      "Covariance:\n",
      "[[ 6.88988685e-03 -1.21417608e-06  1.25731888e-04]\n",
      " [-1.21417608e-06  1.50844751e-05  2.95593304e-05]\n",
      " [ 1.25731888e-04  2.95593304e-05  1.14142687e-04]]\n",
      "SN-34: μ = 43.139 ± 0.011, s = 0.944 ± 0.004\n",
      "\n",
      "Fitting SN-35...\n",
      "Fitting with Minuit\n",
      "Chi2 = 785.703667448538\n",
      "ndf = 17\n",
      "Fitted values:\n",
      "[ 1.67911929  0.92061341 41.23487649]\n",
      "Errors:\n",
      "[0.03340291 0.00441932 0.01126747]\n",
      "Covariance:\n",
      "[[1.11575469e-03 4.11698928e-07 2.17026182e-05]\n",
      " [4.11698928e-07 1.95303882e-05 4.69972366e-05]\n",
      " [2.17026182e-05 4.69972366e-05 1.26955869e-04]]\n",
      "SN-35: μ = 41.235 ± 0.011, s = 0.921 ± 0.004\n",
      "\n",
      "Fitting SN-36...\n",
      "Fitting with Minuit\n",
      "Chi2 = 158.37490280312844\n",
      "ndf = 17\n",
      "Fitted values:\n",
      "[ 1.16553065  0.9787227  43.46075009]\n",
      "Errors:\n",
      "[0.14851882 0.02196332 0.04135954]\n",
      "Covariance:\n",
      "[[ 0.02205784 -0.00189697 -0.00313497]\n",
      " [-0.00189697  0.00048239  0.00088654]\n",
      " [-0.00313497  0.00088654  0.00171061]]\n",
      "SN-36: μ = 43.461 ± 0.041, s = 0.979 ± 0.022\n",
      "\n",
      "Fitting SN-37...\n",
      "Fitting with Minuit\n",
      "Chi2 = 479.2804199628769\n",
      "ndf = 17\n",
      "Fitted values:\n",
      "[ 0.48801051  0.89680776 42.7977674 ]\n",
      "Errors:\n",
      "[0.01890661 0.00205417 0.00786893]\n",
      "Covariance:\n",
      "[[3.57459771e-04 1.08877805e-05 2.95751965e-05]\n",
      " [1.08877805e-05 4.21962214e-06 8.89682103e-06]\n",
      " [2.95751965e-05 8.89682103e-06 6.19201268e-05]]\n",
      "SN-37: μ = 42.798 ± 0.008, s = 0.897 ± 0.002\n",
      "\n",
      "Fitting SN-38...\n",
      "Fitting with Minuit\n",
      "Chi2 = 204.7842502873481\n",
      "ndf = 17\n",
      "Fitted values:\n",
      "[ 0.17320419  1.1674241  43.75033005]\n",
      "Errors:\n",
      "[0.22840643 0.03275536 0.05596064]\n",
      "Covariance:\n",
      "[[ 0.0521695  -0.00536426 -0.0084043 ]\n",
      " [-0.00536426  0.00107291  0.00180838]\n",
      " [-0.0084043   0.00180838  0.00313159]]\n",
      "SN-38: μ = 43.750 ± 0.056, s = 1.167 ± 0.033\n",
      "\n",
      "Fitting SN-39...\n",
      "Fitting with Minuit\n",
      "Chi2 = 194.722159952918\n",
      "ndf = 17\n",
      "Fitted values:\n",
      "[-3.20680804  0.93492604 42.76714438]\n",
      "Errors:\n",
      "[0.16918552 0.01593366 0.02776029]\n",
      "Covariance:\n",
      "[[ 0.02862374 -0.00203456 -0.00272388]\n",
      " [-0.00203456  0.00025388  0.00041933]\n",
      " [-0.00272388  0.00041933  0.00077063]]\n",
      "SN-39: μ = 42.767 ± 0.028, s = 0.935 ± 0.016\n",
      "\n",
      "Fitting SN-40...\n",
      "Fitting with Minuit\n",
      "Chi2 = 124.63875707877747\n",
      "ndf = 17\n",
      "Fitted values:\n",
      "[-1.10200433  1.00722176 43.10817305]\n",
      "Errors:\n",
      "[0.1760984  0.01975825 0.03445537]\n",
      "Covariance:\n",
      "[[ 0.03101065 -0.00263629 -0.00393879]\n",
      " [-0.00263629  0.00039039  0.00066066]\n",
      " [-0.00393879  0.00066066  0.00118717]]\n",
      "SN-40: μ = 43.108 ± 0.034, s = 1.007 ± 0.020\n",
      "\n",
      "Fitting SN-41...\n",
      "Fitting with Minuit\n",
      "Chi2 = 334.4529325298572\n",
      "ndf = 17\n",
      "Fitted values:\n",
      "[ 0.1403501   0.97250951 42.09912387]\n",
      "Errors:\n",
      "[0.07694232 0.00958602 0.0193777 ]\n",
      "Covariance:\n",
      "[[ 5.92012032e-03 -4.59714685e-04 -7.93337875e-04]\n",
      " [-4.59714685e-04  9.18917489e-05  1.79807077e-04]\n",
      " [-7.93337875e-04  1.79807077e-04  3.75495334e-04]]\n",
      "SN-41: μ = 42.099 ± 0.019, s = 0.973 ± 0.010\n",
      "\n",
      "Fitting SN-42...\n",
      "Fitting with Minuit\n",
      "Chi2 = 144.24881496336394\n",
      "ndf = 17\n",
      "Fitted values:\n",
      "[-1.23541065  1.00605092 43.76581475]\n",
      "Errors:\n",
      "[0.18402561 0.00443486 0.01449261]\n",
      "Covariance:\n",
      "[[ 3.38654268e-02 -1.18257640e-04  9.78596386e-04]\n",
      " [-1.18257640e-04  1.96679469e-05  3.30979715e-05]\n",
      " [ 9.78596386e-04  3.30979715e-05  2.10035678e-04]]\n",
      "SN-42: μ = 43.766 ± 0.014, s = 1.006 ± 0.004\n",
      "\n",
      "Fitting SN-43...\n",
      "Fitting with Minuit\n",
      "Chi2 = 135.87646939453677\n",
      "ndf = 17\n",
      "Fitted values:\n",
      "[ 1.16721443  1.12538625 43.36765589]\n",
      "Errors:\n",
      "[0.14158275 0.02140633 0.03881501]\n",
      "Covariance:\n",
      "[[ 0.02004568 -0.00184131 -0.00304676]\n",
      " [-0.00184131  0.00045823  0.00081692]\n",
      " [-0.00304676  0.00081692  0.0015066 ]]\n",
      "SN-43: μ = 43.368 ± 0.039, s = 1.125 ± 0.021\n",
      "\n",
      "Fitting SN-44...\n",
      "Fitting with Minuit\n",
      "Chi2 = 61.92744402510002\n",
      "ndf = 17\n",
      "Fitted values:\n",
      "[-1.00862592  1.09702916 44.02596467]\n",
      "Errors:\n",
      "[0.02463226 0.00492089 0.01423593]\n",
      "Covariance:\n",
      "[[ 6.06748179e-04 -1.95601840e-06  1.48262170e-05]\n",
      " [-1.95601840e-06  2.42152012e-05  4.41206618e-05]\n",
      " [ 1.48262170e-05  4.41206618e-05  2.02661634e-04]]\n",
      "SN-44: μ = 44.026 ± 0.014, s = 1.097 ± 0.005\n",
      "\n",
      "Fitting SN-45...\n",
      "Fitting with Minuit\n",
      "Chi2 = 606.8371016802944\n",
      "ndf = 17\n",
      "Fitted values:\n",
      "[ 1.24331064  1.00365312 41.59676625]\n",
      "Errors:\n",
      "[0.04952163 0.00648254 0.01426572]\n",
      "Covariance:\n",
      "[[ 2.45239183e-03 -1.38621014e-04 -2.51913837e-04]\n",
      " [-1.38621014e-04  4.20232845e-05  8.89777787e-05]\n",
      " [-2.51913837e-04  8.89777787e-05  2.03510739e-04]]\n",
      "SN-45: μ = 41.597 ± 0.014, s = 1.004 ± 0.006\n",
      "\n",
      "Fitting SN-46...\n",
      "Fitting with Minuit\n",
      "Chi2 = 288.75818897309597\n",
      "ndf = 17\n",
      "Fitted values:\n",
      "[ 2.18688736  0.95805986 42.78831169]\n",
      "Errors:\n",
      "[0.01488066 0.00210291 0.00735755]\n",
      "Covariance:\n",
      "[[2.21433994e-04 2.30991327e-05 4.92281697e-05]\n",
      " [2.30991327e-05 4.42222775e-06 9.21125024e-06]\n",
      " [4.92281697e-05 9.21125024e-06 5.41334689e-05]]\n",
      "SN-46: μ = 42.788 ± 0.007, s = 0.958 ± 0.002\n",
      "\n",
      "Fitting SN-47...\n",
      "Fitting with Minuit\n",
      "Chi2 = 530.7916931368363\n",
      "ndf = 17\n",
      "Fitted values:\n",
      "[-1.71153442  0.9786118  42.05830456]\n",
      "Errors:\n",
      "[0.09857797 0.00955296 0.01826601]\n",
      "Covariance:\n",
      "[[ 9.71761589e-03 -6.65584608e-04 -1.01990598e-03]\n",
      " [-6.65584608e-04  9.12590547e-05  1.66671887e-04]\n",
      " [-1.01990598e-03  1.66671887e-04  3.33647288e-04]]\n",
      "SN-47: μ = 42.058 ± 0.018, s = 0.979 ± 0.010\n",
      "\n",
      "Fitting SN-48...\n",
      "Fitting with Minuit\n",
      "Chi2 = 110.0877368465984\n",
      "ndf = 17\n",
      "Fitted values:\n",
      "[-1.21204725  1.03557849 43.65491192]\n",
      "Errors:\n",
      "[0.27393495 0.03183282 0.05396838]\n",
      "Covariance:\n",
      "[[ 0.07504036 -0.00694223 -0.01065937]\n",
      " [-0.00694223  0.00101333  0.00168353]\n",
      " [-0.01065937  0.00168353  0.00291259]]\n",
      "SN-48: μ = 43.655 ± 0.054, s = 1.036 ± 0.032\n",
      "\n",
      "Fitting SN-49...\n",
      "Fitting with Minuit\n",
      "Chi2 = 201.05292398391904\n",
      "ndf = 17\n",
      "Fitted values:\n",
      "[-2.59103258  1.14223249 43.6622647 ]\n",
      "Errors:\n",
      "[0.33000639 0.03500031 0.05628553]\n",
      "Covariance:\n",
      "[[ 0.10890422 -0.00972307 -0.01416853]\n",
      " [-0.00972307  0.00122502  0.00193321]\n",
      " [-0.01416853  0.00193321  0.00316806]]\n",
      "SN-49: μ = 43.662 ± 0.056, s = 1.142 ± 0.035\n",
      "\n",
      "Fitting SN-50...\n",
      "Fitting with Minuit\n",
      "Chi2 = 149.77340028044364\n",
      "ndf = 17\n",
      "Fitted values:\n",
      "[-1.60633953  1.08784969 43.65903379]\n",
      "Errors:\n",
      "[0.01964762 0.01948667 0.03766803]\n",
      "Covariance:\n",
      "[[ 3.86028890e-04 -3.65571864e-05 -5.54652084e-05]\n",
      " [-3.65571864e-05  3.79730243e-04  7.13222588e-04]\n",
      " [-5.54652084e-05  7.13222588e-04  1.41888074e-03]]\n",
      "SN-50: μ = 43.659 ± 0.038, s = 1.088 ± 0.019\n",
      "\n",
      "Fitting SN-51...\n",
      "Fitting with Minuit\n",
      "Chi2 = 295.2283699006598\n",
      "ndf = 17\n",
      "Fitted values:\n",
      "[ 2.12981423  1.03611219 42.86242171]\n",
      "Errors:\n",
      "[0.07757943 0.01273761 0.02530289]\n",
      "Covariance:\n",
      "[[ 0.00601857 -0.0002466  -0.00040361]\n",
      " [-0.0002466   0.00016225  0.00031393]\n",
      " [-0.00040361  0.00031393  0.00064024]]\n",
      "SN-51: μ = 42.862 ± 0.025, s = 1.036 ± 0.013\n",
      "\n",
      "Fitting SN-52...\n",
      "Fitting with Minuit\n",
      "Chi2 = 173.93374634976067\n",
      "ndf = 17\n",
      "Fitted values:\n",
      "[ 2.16869845  0.8964892  43.13384855]\n",
      "Errors:\n",
      "[0.08653134 0.01373766 0.02889344]\n",
      "Covariance:\n",
      "[[ 7.48767284e-03 -6.31315085e-05 -6.19490861e-05]\n",
      " [-6.31315085e-05  1.88723225e-04  3.82572657e-04]\n",
      " [-6.19490861e-05  3.82572657e-04  8.34831046e-04]]\n",
      "SN-52: μ = 43.134 ± 0.029, s = 0.896 ± 0.014\n",
      "\n",
      "Fitting SN-53...\n",
      "Fitting with Minuit\n",
      "Chi2 = 389.76420766898514\n",
      "ndf = 17\n",
      "Fitted values:\n",
      "[-0.10759934  1.00398239 43.07735636]\n",
      "Errors:\n",
      "[0.13667621 0.01878134 0.03472521]\n",
      "Covariance:\n",
      "[[ 0.01868039 -0.00164212 -0.00265186]\n",
      " [-0.00164212  0.00035274  0.00063699]\n",
      " [-0.00265186  0.00063699  0.00120584]]\n",
      "SN-53: μ = 43.077 ± 0.035, s = 1.004 ± 0.019\n",
      "\n",
      "Fitting SN-54...\n",
      "Fitting with Minuit\n",
      "Chi2 = 464.3729339823264\n",
      "ndf = 17\n",
      "Fitted values:\n",
      "[ 2.33253566  0.99821843 42.30603838]\n",
      "Errors:\n",
      "[0.04948281 0.00734554 0.01623053]\n",
      "Covariance:\n",
      "[[2.44854822e-03 1.73180785e-05 5.76493689e-05]\n",
      " [1.73180785e-05 5.39569354e-05 1.14162480e-04]\n",
      " [5.76493689e-05 1.14162480e-04 2.63430109e-04]]\n",
      "SN-54: μ = 42.306 ± 0.016, s = 0.998 ± 0.007\n",
      "\n",
      "Fitting SN-55...\n",
      "Fitting with Minuit\n",
      "Chi2 = 59.99611574316823\n",
      "ndf = 17\n",
      "Fitted values:\n",
      "[-1.12117398  0.96962425 43.79774521]\n",
      "Errors:\n",
      "[0.26799127 0.03633712 0.0633757 ]\n",
      "Covariance:\n",
      "[[ 0.07181932 -0.00703519 -0.0107417 ]\n",
      " [-0.00703519  0.00132039  0.00225229]\n",
      " [-0.0107417   0.00225229  0.00401648]]\n",
      "SN-55: μ = 43.798 ± 0.063, s = 0.970 ± 0.036\n",
      "\n",
      "Fitting SN-56...\n",
      "Fitting with Minuit\n",
      "Chi2 = 301.73172741542214\n",
      "ndf = 17\n",
      "Fitted values:\n",
      "[ 1.07291558  0.96875809 43.05764181]\n",
      "Errors:\n",
      "[0.11777418 0.01746049 0.03327206]\n",
      "Covariance:\n",
      "[[ 0.01387076 -0.0011535  -0.00193061]\n",
      " [-0.0011535   0.00030487  0.00056741]\n",
      " [-0.00193061  0.00056741  0.00110703]]\n",
      "SN-56: μ = 43.058 ± 0.033, s = 0.969 ± 0.017\n",
      "\n",
      "Fitting SN-57...\n",
      "Fitting with Minuit\n",
      "Chi2 = 705.4484052532933\n",
      "ndf = 17\n",
      "Fitted values:\n",
      "[ 1.70268567  1.17937204 42.62888064]\n",
      "Errors:\n",
      "[0.01411535 0.00527341 0.01110598]\n",
      "Covariance:\n",
      "[[1.99243161e-04 6.14834683e-05 1.19158562e-04]\n",
      " [6.14834683e-05 2.78088187e-05 5.34151426e-05]\n",
      " [1.19158562e-04 5.34151426e-05 1.23342900e-04]]\n",
      "SN-57: μ = 42.629 ± 0.011, s = 1.179 ± 0.005\n",
      "\n",
      "Fitting SN-58...\n",
      "Fitting with Minuit\n",
      "Chi2 = 464.59049057294766\n",
      "ndf = 17\n",
      "Fitted values:\n",
      "[ 2.18104621  1.0069524  42.18390955]\n",
      "Errors:\n",
      "[0.04472234 0.00663733 0.01508541]\n",
      "Covariance:\n",
      "[[2.00008777e-03 4.89831670e-06 3.74980848e-05]\n",
      " [4.89831670e-06 4.40541263e-05 9.55947117e-05]\n",
      " [3.74980848e-05 9.55947117e-05 2.27569589e-04]]\n",
      "SN-58: μ = 42.184 ± 0.015, s = 1.007 ± 0.007\n",
      "\n",
      "Fitting SN-59...\n",
      "Fitting with Minuit\n",
      "Chi2 = 75.71129664810194\n",
      "ndf = 17\n",
      "Fitted values:\n",
      "[-0.57731833  0.88600238 43.70580013]\n",
      "Errors:\n",
      "[0.16267335 0.00548011 0.01598864]\n",
      "Covariance:\n",
      "[[ 2.64626200e-02 -1.52398910e-04  3.71592382e-04]\n",
      " [-1.52398910e-04  3.00316584e-05  5.47106523e-05]\n",
      " [ 3.71592382e-04  5.47106523e-05  2.55636626e-04]]\n",
      "SN-59: μ = 43.706 ± 0.016, s = 0.886 ± 0.005\n",
      "\n",
      "Fitting SN-60...\n",
      "Fitting with Minuit\n",
      "Chi2 = 96.3075140259606\n",
      "ndf = 17\n",
      "Fitted values:\n",
      "[-1.01046911  1.04554772 43.7887612 ]\n",
      "Errors:\n",
      "[0.28686265 0.03436039 0.05824649]\n",
      "Covariance:\n",
      "[[ 0.08229018 -0.00765067 -0.01165233]\n",
      " [-0.00765067  0.00118064  0.00196083]\n",
      " [-0.01165233  0.00196083  0.00339265]]\n",
      "SN-60: μ = 43.789 ± 0.058, s = 1.046 ± 0.034\n",
      "\n",
      "Fitting SN-61...\n",
      "Fitting with Minuit\n",
      "Chi2 = 371.1905458279555\n",
      "ndf = 17\n",
      "Fitted values:\n",
      "[-2.16738518  1.06178224 43.10145181]\n",
      "Errors:\n",
      "[0.01477829 0.00580483 0.01345004]\n",
      "Covariance:\n",
      "[[2.18397883e-04 7.37484756e-05 1.49738319e-04]\n",
      " [7.37484756e-05 3.36961040e-05 6.74907179e-05]\n",
      " [1.49738319e-04 6.74907179e-05 1.80903651e-04]]\n",
      "SN-61: μ = 43.101 ± 0.013, s = 1.062 ± 0.006\n",
      "\n",
      "Fitting SN-62...\n",
      "Fitting with Minuit\n",
      "Chi2 = 315.6506042797414\n",
      "ndf = 17\n",
      "Fitted values:\n",
      "[ 1.49832678  0.98185991 43.02003617]\n",
      "Errors:\n",
      "[0.08372008 0.01345201 0.02738711]\n",
      "Covariance:\n",
      "[[ 0.00700905 -0.00039084 -0.0006726 ]\n",
      " [-0.00039084  0.00018096  0.00035737]\n",
      " [-0.0006726   0.00035737  0.00075005]]\n",
      "SN-62: μ = 43.020 ± 0.027, s = 0.982 ± 0.013\n",
      "\n",
      "Fitting SN-63...\n",
      "Fitting with Minuit\n",
      "Chi2 = 860.0325753125637\n",
      "ndf = 17\n",
      "Fitted values:\n",
      "[ 0.56520801  1.02346238 41.55715184]\n",
      "Errors:\n",
      "[0.05216469 0.00662484 0.01430766]\n",
      "Covariance:\n",
      "[[ 2.72115496e-03 -1.49560079e-04 -2.50620902e-04]\n",
      " [-1.49560079e-04  4.38885600e-05  9.11198077e-05]\n",
      " [-2.50620902e-04  9.11198077e-05  2.04709270e-04]]\n",
      "SN-63: μ = 41.557 ± 0.014, s = 1.023 ± 0.007\n",
      "\n",
      "Fitting SN-64...\n",
      "Fitting with Minuit\n",
      "Chi2 = 217.0957235517174\n",
      "ndf = 17\n",
      "Fitted values:\n",
      "[-1.86679351e-02  1.07319135e+00  4.35477098e+01]\n",
      "Errors:\n",
      "[0.19623983 0.02746762 0.04854603]\n",
      "Covariance:\n",
      "[[ 0.03851007 -0.00379388 -0.00610324]\n",
      " [-0.00379388  0.00075447  0.00131089]\n",
      " [-0.00610324  0.00131089  0.00235672]]\n",
      "SN-64: μ = 43.548 ± 0.049, s = 1.073 ± 0.027\n",
      "\n",
      "Fitting SN-65...\n",
      "Fitting with Minuit\n",
      "Chi2 = 478.3142861709156\n",
      "ndf = 17\n",
      "Fitted values:\n",
      "[-1.56156593  0.88849051 41.9767709 ]\n",
      "Errors:\n",
      "[0.08013139 0.00868392 0.01779646]\n",
      "Covariance:\n",
      "[[ 6.42104036e-03 -4.55399310e-04 -7.36088324e-04]\n",
      " [-4.55399310e-04  7.54105444e-05  1.47157151e-04]\n",
      " [-7.36088324e-04  1.47157151e-04  3.16714150e-04]]\n",
      "SN-65: μ = 41.977 ± 0.018, s = 0.888 ± 0.009\n",
      "\n",
      "Fitting SN-66...\n",
      "Fitting with Minuit\n",
      "Chi2 = 167.05906785947957\n",
      "ndf = 17\n",
      "Fitted values:\n",
      "[-0.61724817  1.05339838 43.59095565]\n",
      "Errors:\n",
      "[0.02505507 0.01101419 0.02285936]\n",
      "Covariance:\n",
      "[[0.00062776 0.00025912 0.00049962]\n",
      " [0.00025912 0.00012131 0.00023297]\n",
      " [0.00049962 0.00023297 0.00052255]]\n",
      "SN-66: μ = 43.591 ± 0.023, s = 1.053 ± 0.011\n",
      "\n",
      "Fitting SN-67...\n",
      "Fitting with Minuit\n",
      "Chi2 = 210.97966492870043\n",
      "ndf = 17\n",
      "Fitted values:\n",
      "[-0.30731987  1.17557489 43.78511847]\n",
      "Errors:\n",
      "[0.25938819 0.03401359 0.05762482]\n",
      "Covariance:\n",
      "[[ 0.06728223 -0.00687589 -0.01083521]\n",
      " [-0.00687589  0.00115692  0.00193391]\n",
      " [-0.01083521  0.00193391  0.00332062]]\n",
      "SN-67: μ = 43.785 ± 0.058, s = 1.176 ± 0.034\n",
      "\n",
      "Fitting SN-68...\n",
      "Fitting with Minuit\n",
      "Chi2 = 382.4313597594327\n",
      "ndf = 17\n",
      "Fitted values:\n",
      "[ 1.54378497  0.91207872 42.53220725]\n",
      "Errors:\n",
      "[0.06744851 0.00954916 0.0205603 ]\n",
      "Covariance:\n",
      "[[ 4.54930170e-03 -2.17251220e-04 -3.78241210e-04]\n",
      " [-2.17251220e-04  9.11865277e-05  1.88682126e-04]\n",
      " [-3.78241210e-04  1.88682126e-04  4.22725826e-04]]\n",
      "SN-68: μ = 42.532 ± 0.021, s = 0.912 ± 0.010\n",
      "\n",
      "Fitting SN-69...\n",
      "Fitting with Minuit\n",
      "Chi2 = 599.653261105564\n",
      "ndf = 17\n",
      "Fitted values:\n",
      "[ 0.97720683  1.06623565 42.52876575]\n",
      "Errors:\n",
      "[0.02122087 0.00183777 0.00602853]\n",
      "Covariance:\n",
      "[[ 4.50325330e-04 -1.78742333e-06  6.47009781e-06]\n",
      " [-1.78742333e-06  3.37738208e-06  6.54694883e-06]\n",
      " [ 6.47009781e-06  6.54694883e-06  3.63431296e-05]]\n",
      "SN-69: μ = 42.529 ± 0.006, s = 1.066 ± 0.002\n",
      "\n",
      "Fitting SN-70...\n",
      "Fitting with Minuit\n",
      "Chi2 = 60.85267389004354\n",
      "ndf = 17\n",
      "Fitted values:\n",
      "[ 1.76517782  1.08387604 44.4325184 ]\n",
      "Errors:\n",
      "[0.0723507  0.04694261 0.08520881]\n",
      "Covariance:\n",
      "[[ 0.00523462 -0.00054387 -0.00090949]\n",
      " [-0.00054387  0.00220361  0.00394112]\n",
      " [-0.00090949  0.00394112  0.00726054]]\n",
      "SN-70: μ = 44.433 ± 0.085, s = 1.084 ± 0.047\n",
      "\n",
      "Fitting SN-71...\n",
      "Fitting with Minuit\n",
      "Chi2 = 227.57236843764483\n",
      "ndf = 17\n",
      "Fitted values:\n",
      "[ 1.99152     1.01265691 43.56306115]\n",
      "Errors:\n",
      "[0.11683112 0.02142982 0.04166589]\n",
      "Covariance:\n",
      "[[ 0.01364951 -0.0003823  -0.00056665]\n",
      " [-0.0003823   0.00045924  0.00087302]\n",
      " [-0.00056665  0.00087302  0.00173605]]\n",
      "SN-71: μ = 43.563 ± 0.042, s = 1.013 ± 0.021\n",
      "\n",
      "Fitting SN-72...\n",
      "Fitting with Minuit\n",
      "Chi2 = 744.6487746021795\n",
      "ndf = 17\n",
      "Fitted values:\n",
      "[ 2.68987903  0.88743087 41.91739069]\n",
      "Errors:\n",
      "[0.03693722 0.00503923 0.01283981]\n",
      "Covariance:\n",
      "[[1.36435838e-03 5.08959408e-05 1.23046232e-04]\n",
      " [5.08959408e-05 2.53938730e-05 6.06154501e-05]\n",
      " [1.23046232e-04 6.06154501e-05 1.64860703e-04]]\n",
      "SN-72: μ = 41.917 ± 0.013, s = 0.887 ± 0.005\n",
      "\n",
      "Fitting SN-73...\n",
      "Fitting with Minuit\n",
      "Chi2 = 137.84242231272395\n",
      "ndf = 17\n",
      "Fitted values:\n",
      "[-1.43440291  1.12901256 43.40875307]\n",
      "Errors:\n",
      "[0.20768407 0.02515251 0.04288743]\n",
      "Covariance:\n",
      "[[ 0.04313267 -0.00397146 -0.00598225]\n",
      " [-0.00397146  0.00063265  0.00105609]\n",
      " [-0.00598225  0.00105609  0.00183933]]\n",
      "SN-73: μ = 43.409 ± 0.043, s = 1.129 ± 0.025\n",
      "\n",
      "Fitting SN-74...\n",
      "Fitting with Minuit\n",
      "Chi2 = 293.02515008736134\n",
      "ndf = 17\n",
      "Fitted values:\n",
      "[-1.23098478  0.89964991 42.45983134]\n",
      "Errors:\n",
      "[0.09925494 0.01134124 0.02250652]\n",
